3.60e-07 0.35 0.16
3.71e-07 0.37 0.13
3.83e-07 0.40 0.12
3.95e-07 0.43 0.12
4.08e-07 0.46 0.13
4.21e-07 0.49 0.14
4.34e-07 0.53 0.14
4.48e-07 0.57 0.14
4.62e-07 0.61 0.13
4.77e-07 0.65 0.12
4.92e-07 0.69 0.12
5.07e-07 0.73 0.11
5.23e-07 0.76 0.12
5.40e-07 0.79 0.13
5.57e-07 0.82 0.14
5.75e-07 0.83 0.15
5.93e-07 0.84 0.16
6.11e-07 0.84 0.16
6.31e-07 0.83 0.16
6.51e-07 0.81 0.16
6.71e-07 0.79 0.16
6.93e-07 0.76 0.16
7.15e-07 0.74 0.16
7.37e-07 0.71 0.16
7.60e-07 0.68 0.17
7.85e-07 0.65 0.19
8.09e-07 0.64 0.20
8.35e-07 0.63 0.21
8.61e-07 0.62 0.22
8.89e-07 0.63 0.22
9.17e-07 0.65 0.21
9.46e-07 0.67 0.20
9.76e-07 0.70 0.19
1.01e-06 0.73 0.17
1.04e-06 0.77 0.15
1.07e-06 0.81 0.13
1.11e-06 0.86 0.10
1.14e-06 0.90 0.08
1.18e-06 0.94 0.06
1.21e-06 0.98 0.05
1.25e-06 1.01 0.04
1.29e-06 1.03 0.05
1.33e-06 1.04 0.05
1.37e-06 1.04 0.05
1.42e-06 1.03 0.05
1.46e-06 1.02 0.05
1.51e-06 1.00 0.04
1.56e-06 0.97 0.03
1.61e-06 0.94 0.03
1.66e-06 0.92 0.03
1.71e-06 0.89 0.03
1.76e-06 0.87 0.03
1.82e-06 0.86 0.03
1.88e-06 0.84 0.03
1.94e-06 0.83 0.03
2.00e-06 0.82 0.03
2.06e-06 0.81 0.03
2.13e-06 0.81 0.04
2.19e-06 0.80 0.04
2.26e-06 0.79 0.05
2.34e-06 0.78 0.05
2.41e-06 0.77 0.05
2.49e-06 0.77 0.05
2.56e-06 0.75 0.05
2.64e-06 0.74 0.05
2.73e-06 0.73 0.05
2.82e-06 0.72 0.05
2.90e-06 0.71 0.05
3.00e-06 0.69 0.05
3.09e-06 0.68 0.05
3.19e-06 0.66 0.05
3.29e-06 0.65 0.05
3.39e-06 0.64 0.05
3.50e-06 0.62 0.05
3.61e-06 0.61 0.04
3.73e-06 0.59 0.04
3.84e-06 0.58 0.04
3.97e-06 0.57 0.04
4.09e-06 0.55 0.03
4.22e-06 0.54 0.04
4.35e-06 0.53 0.04
4.49e-06 0.52 0.04
4.63e-06 0.51 0.04
4.78e-06 0.50 0.04
4.93e-06 0.48 0.04
5.09e-06 0.47 0.04
5.25e-06 0.46 0.04
5.42e-06 0.45 0.04
5.59e-06 0.44 0.04
5.76e-06 0.43 0.05
5.95e-06 0.42 0.06
6.14e-06 0.41 0.07
6.33e-06 0.41 0.08
6.53e-06 0.40 0.09
6.74e-06 0.39 0.09
6.95e-06 0.38 0.09
7.17e-06 0.37 0.09
7.40e-06 0.36 0.07
7.63e-06 0.35 0.05
7.87e-06 0.34 0.04
