Name                  RAJ2000     DEJ2000    Umag    Bmag    Vmag    Imag    Jmag    Hmag    Ksmag   [3.6]   [4.5]   [5.8]   [8.0]  Class                           
                        deg         deg       mag     mag     mag     mag     mag     mag     mag     mag     mag     mag     mag                                   

Sk -69 1            071.386543  -69.467003  12.343  13.364  13.446  13.538  13.623  13.667  13.655  13.711  13.711  13.737  13.749  B1 III                          
Sk -67 2            071.768539  -67.114746  10.351  11.219  11.035  10.992  11.019  11.003  10.917  10.804  10.744  10.712  10.648  B1 Ia+                          
Sk -69 8            072.329376  -69.431831  10.838  11.714  11.572  11.461  11.288  11.208  11.187  11.100  11.052  11.031  11.023  B5 Ia                           
Sk -70 2            072.491707  -70.350777  12.893  13.584  13.576  13.519  13.435  13.426  13.435  13.397  13.238  13.045  99.999  B5 II                           
Sk -67 6            072.878082  -67.473000  12.333  13.424  13.636  13.712  13.978  14.090  14.138  14.147  14.156  14.131  14.070  B0 II                           
Sk -66 1            073.079544  -66.731476  10.709  11.455  11.635  11.482  11.656  11.627  11.665  11.521  11.503  11.437  11.423  B1.5 Ia                         
BI 7                073.126121  -70.039528  13.113  14.044  14.182  14.266  14.349  14.355  14.465  14.446  14.462  14.306  99.999  B1 III                          
Sk -66 2            073.213333  -66.507637  12.516  13.122  13.171  13.743  13.188  13.235  13.231  13.210  13.192  13.260  13.275  B2 III                          
Sk -68 7            073.362167  -68.499771  11.963  12.934  13.026  12.959  13.086  13.103  13.087  13.071  13.083  13.090  13.071  B0.5 I                          
Sk -66 5            073.375122  -66.924499  99.999  99.999  99.999  99.999  10.797  10.808  10.810  10.725  10.685  10.628  10.624  B2.5 Ia                         
Sk -66 5a           073.390541  -66.902084  12.652  13.207  13.286  13.262  13.350  13.377  13.382  13.405  13.339  13.360  99.999  B3 II                           
Sk -66 6            073.395622  -66.937973  11.779  12.507  12.712  12.740  12.982  13.006  13.053  12.971  12.966  12.930  13.021  B0.7 II                         
Sk -68 8            073.430336  -68.714806  10.195  11.044  10.986  10.970  10.857  10.869  10.782  10.611  10.615  10.537  10.513  B5 Ia+                          
LH5-25              073.487831  -69.210243  12.922  13.749  13.789  13.839  13.848  13.849  13.849  13.816  13.801  13.485  99.999  B1 III                          
Sk -65 1            073.527336  -65.589561  11.658  12.420  12.554  12.671  12.762  12.798  12.817  12.790  12.827  12.687  12.728  B0.5 I                          
Sk -67 14           073.632874  -67.256836  10.616  11.376  11.541  11.599  11.784  11.779  11.799  11.772  11.713  11.661  11.622  B1.5 Ia                         
Sk -66 10           073.700539  -66.373138  13.025  13.475  13.502  13.526  13.473  13.443  13.463  13.414  13.426  13.376  99.999  B3 II                           
BI 23               073.732628  -68.362335  13.133  14.018  14.087  14.261  14.345  14.448  14.499  14.491  14.415  14.341  99.999  B0 II                           
Sk -66 12           073.738960  -66.752441  10.226  10.902  10.770  10.564  10.615  10.580  10.498  10.471  10.412  10.402  10.351  B8 Ia                           
Sk -67 16           073.790581  -67.527367  12.403  13.424  13.556  13.614  13.784  13.846  13.897  13.966  13.970  13.992  13.994  B2 II                           
Sk -66 14           073.815872  -66.810089  12.286  12.980  13.304  13.508  13.711  13.799  13.873  13.934  13.924  13.955  13.832  B1 Ib                           
N11-097             073.823586  -66.459938  14.516  14.994  14.961  14.789  14.615  14.543  14.488  14.550  14.526  14.306  99.999  B3 II                           
N11-008             073.843124  -66.471916  11.888  12.660  12.894  12.759  13.020  13.089  13.090  13.132  13.073  13.024  12.772  B0.5 Ia                                   
Sk -69 36           073.870544  -69.191170  99.999  99.999  99.999  99.999  12.959  13.015  13.001  12.942  12.885  12.928  12.755  B0.5 III                        
N11-093             073.874794  -66.510414  14.180  14.783  14.930  15.062  15.079  15.227  15.312  15.260  15.175  99.999  99.999  B2.5 III                        
N11-024             073.887207  -66.424362  12.613  13.388  13.446  13.501  13.529  13.602  13.633  13.579  13.571  13.353  99.999  B1 Ib                           
N11-109             073.954582  -66.460861  15.071  15.174  16.956  99.999  14.616  14.575  14.525  14.430  14.426  14.188  99.999  B0.5 Ib                         
N11-116             073.978332  -66.461609  14.469  15.123  15.214  15.260  15.235  15.228  15.263  15.424  15.343  99.999  99.999  B2 III                                     
N11-111             074.024414  -66.365219  14.151  14.935  15.129  15.372  15.487  15.591  15.458  15.660  15.681  99.999  99.999  B1.5 III                        
Sk -69 43           074.043541  -69.260635  10.762  11.866  11.964  12.031  12.110  12.126  12.179  12.152  12.058  12.044  12.007  B0.5 Ia                         
N11-033             074.045997  -66.473305  12.580  13.531  13.645  13.837  13.982  14.062  14.097  14.096  14.071  14.018  99.999  B0 IIIn                         
N11-039             074.072205  -66.296669  13.003  13.709  13.839  13.901  13.930  13.952  13.973  13.978  13.989  14.090  99.999  B2 III 286                      
N11-017             074.073212  -66.305145  12.504  13.144  13.089  13.358  12.839  12.805  12.761  12.708  12.661  12.620  99.999  B2.5 Iab                        
N11-016             074.085792  -66.453888  12.140  12.904  12.919  12.718  13.086  13.124  13.128  13.071  13.073  12.983  99.999  B1 Ib                                        
N11-002             074.097961  -66.497688  11.099  11.832  11.779  99.999  11.679  11.686  11.691  11.633  11.581  11.553  11.521  B3 Ia                                      
N11-088             074.137207  -66.481140  13.847  14.606  14.775  14.978  15.048  15.127  15.250  15.212  15.225  99.999  99.999  B1 III                          
N11-076             074.139916  -66.391106  14.250  14.969  14.590  13.989  13.485  13.201  13.030  12.902  12.795  12.669  99.999  B0.2 Ia                         
N11-034             074.177750  -66.495857  12.819  13.546  13.657  13.715  13.781  13.813  13.815  13.761  13.776  13.717  99.999  B0.5 III                        
N11-014             074.200081  -66.336060  12.365  12.972  13.046  12.529  13.029  13.011  13.020  12.965  12.938  12.940  12.865  B2 Iab                          
N11-003             074.210792  -66.409699  11.691  12.356  12.438  10.895  12.268  12.292  12.189  12.152  12.046  99.999  99.999  B1 Ia                           
Sk -69 45           074.212997  -69.313614  99.999  99.999  99.999  99.999  12.548  12.625  12.590  12.480  12.422  12.375  12.309  B0.7 I                          
N11-012             074.213127  -66.530090  12.151  12.885  12.884  12.088  12.585  12.547  12.415  12.447  12.300  12.318  99.999  B1 Ia                                       
N11-005             074.267082  -66.486137  11.699  12.502  12.779  99.999  12.483  12.479  12.426  12.319  12.223  12.176  12.035  B1 Ia                           
Sk -66 35           074.268501  -66.577385  10.652  11.494  11.587  99.999  11.722  11.738  11.717  11.620  11.571  11.534  11.467  BC1 Ia                          
N11-070             074.269211  -66.406197  14.076  14.523  14.696  14.727  14.713  14.743  14.726  14.812  14.878  99.999  99.999  B3 III                          
Sk -68 11           074.270126  -68.402946  11.254  12.232  12.195  11.988  12.396  12.424  12.416  12.255  12.237  12.155  11.975  B0.5 Ia                         
LH12-22             074.277916  -68.409782  13.063  13.976  14.036  14.206  14.315  14.388  14.396  14.484  14.522  99.999  99.999  B0.5 III                        
LH12-24             074.281998  -68.416557  13.618  14.523  14.601  14.776  99.999  99.999  99.999  15.148  14.884  99.999  99.999  B1.5 III                        
Sk -68 12           074.283539  -68.420082  10.319  11.480  11.132  99.999  11.427  11.444  11.410  11.261  11.232  11.180  11.217  B2 Ia                           
N11-001             074.286873  -66.390305  10.475  11.373  11.265  99.999  11.104  11.075  10.973  10.923  10.801  10.683  99.999  B2 Ia                                       
Sk -68 14           074.320000  -68.410972  10.492  11.303  11.286  10.699  10.945  10.860  10.785  10.653  10.523  10.479  99.999  B2 Ia                                 
N11-009             074.323669  -66.442085  12.309  12.759  12.875  11.895  12.685  12.691  12.640  12.584  12.554  12.578  12.651  B3 Iab                          
N11-054             074.326378  -66.433220  13.361  14.065  14.107  14.098  14.080  14.080  14.110  14.071  14.043  14.114  99.999  B1 Ib                                          
N11-015             074.342003  -66.407639  12.126  12.869  12.963  12.898  13.094  13.069  13.106  13.111  13.063  12.953  99.999  B0.7 Ib                         
N11-110             074.404625  -66.395744  14.396  15.057  15.187  15.054  15.086  15.081  15.027  14.932  14.974  99.999  99.999  B1 III                          
N11-036             074.420830  -66.498993  12.877  13.577  13.803  13.845  13.937  13.956  14.007  14.082  14.091  14.022  99.999  B0.5 Ib                         
Sk -69 52           074.453705  -69.872917  10.469  11.392  11.399  11.468  11.569  11.566  11.600  11.477  11.409  11.403  11.326  B2 Ia                           
Sk -69 51           074.460747  -69.685890  11.493  12.494  12.596  12.371  12.729  12.794  12.817  12.751  12.725  12.759  12.721  B1.5 I:                         
Sk -70 22           074.514122  -70.608635  12.795  13.781  13.819  14.121  14.302  14.316  14.351  14.342  14.321  14.252  14.233  B1 Iab                          
Sk -70 25           074.582459  -70.217941  99.999  99.999  99.999  99.999  13.328  13.365  13.441  13.433  13.430  13.394  13.332  B1.5 II                         
Sk -67 28           074.663498  -67.188530  11.340  12.082  12.269  12.228  12.561  12.600  12.632  12.531  12.529  12.509  12.523  B0.7 Ia                         
Sk -65 3            074.687080  -65.060562  99.999  99.999  99.999  99.999  13.497  13.546  13.624  13.579  13.604  13.541  13.431  B2 III                          
Sk -67 29           074.712044  -67.444588  12.483  13.524  13.666  13.794  14.008  14.075  14.159  14.128  14.134  14.110  13.942  B0 III                          
Sk -65 7            074.783333  -65.583611  12.184  13.151  13.272  13.589  13.778  13.833  13.910  13.954  13.898  13.923  13.682  B2 III                          
Sk -65 9            074.800957  -65.809112  11.636  12.548  12.599  12.994  13.133  13.214  13.282  13.248  13.180  13.173  13.208  B0 Ib                           
BI 50               074.813332  -65.889747  12.749  13.582  13.699  13.964  14.082  14.214  14.205  14.327  14.164  14.336  99.999  B1 Ib                           
BI 53               074.815712  -69.715355  13.083  13.944  14.066  14.263  14.400  14.446  14.485  13.718  13.568  13.548  13.464  B0 III                          
Sk -65 11           074.847626  -65.697754  11.022  11.604  11.743  11.654  11.707  11.742  11.735  11.649  11.626  11.598  11.629  B8 Ia                           
Sk -65 12           074.866836  -65.604973  12.727  13.555  13.671  13.974  14.068  14.106  14.157  14.222  14.231  14.296  99.999  B1 Iab                          
Sk -65 14           074.903877  -65.564949  11.584  12.503  12.599  12.840  12.987  13.000  13.100  13.104  13.073  13.005  13.057  B0 II                           
Sk -65 15           074.922379  -65.830551  11.288  12.008  12.203  12.312  12.420  12.415  12.420  12.400  12.362  12.318  12.334  BC2 Iab                         
Sk -65 16           074.934456  -65.748772  11.334  12.030  12.241  12.338  12.357  12.421  12.367  12.147  12.042  11.905  11.708  B1.5 Ia                         
Sk -65 18           075.027000  -65.760834  99.999  99.999  99.999  99.999  10.869  10.877  10.833  10.780  10.713  10.696  10.676  B9 Ia                           
Sk -68 23a          075.201164  -68.099586  12.033  13.024  13.106  13.049  13.200  13.206  13.196  13.181  13.191  13.192  13.286  B1 III                          
Sk -68 23           075.206123  -68.119362  99.999  99.999  99.999  99.999  12.188  12.082  11.974  11.840  11.798  11.757  11.700  B3 I                            
Sk -65 20           075.306206  -65.810951  99.999  99.999  99.999  99.999  11.230  11.242  11.242  11.176  11.118  11.125  11.081  B3 Ia                           
Sk -67 36           075.344124  -67.336113  11.042  11.910  11.962  12.024  12.134  12.146  12.193  12.181  12.124  12.082  12.107  B2.5 Ia                         
Sk -68 26           075.384331  -68.178581  10.822  11.728  11.443  99.999  11.343  11.265  11.251  11.111  11.004  11.004  10.869  BC2 Ia                          
Sk -65 23           075.475456  -65.628387  12.632  13.456  13.612  13.955  14.087  14.209  14.258  14.284  14.340  14.252  99.999  B2 III                          
Sk -70 44           075.535294  -70.665504  11.396  11.934  12.084  12.046  12.202  12.184  12.154  12.058  12.058  12.069  12.054  B5 Iab                                 
Sk -66 50           075.786751  -66.959694  10.023  10.511  10.658  99.999  10.480  10.445  10.403  10.255  10.240  10.221  10.173  B8 Ia+                          
Sk -70 47           075.847038  -70.347527  99.999  99.999  99.999  99.999  13.340  13.409  13.423  13.397  13.360  13.396  13.350  B0 II                           
Sk -70 48           075.873253  -70.699837  10.979  11.509  11.704  11.501  11.699  11.699  11.644  11.566  11.560  11.518  11.481  B2.5 Ia                         
Sk -70 50           075.941208  -70.199310  99.999  99.999  99.999  99.999  11.222  11.267  11.217  11.212  11.166  11.158  11.118  B3 Ia                           
Sk -70 51           075.972916  -70.232582  99.999  99.999  99.999  99.999  11.853  11.879  11.848  11.736  11.664  11.631  11.585  B2 Ia                           
Sk -68 35           076.120377  -68.437752  12.388  13.113  13.299  13.541  13.816  99.999  13.862  13.942  13.867  13.785  99.999  B1 III                          
Sk -68 38           076.176666  -68.076531  12.251  13.026  13.382  15.423  13.539  13.588  13.697  13.727  13.698  13.916  99.999  B0 Ib                           
Sk -68 39           076.209045  -68.131226  11.068  11.988  12.039  11.980  12.059  12.022  11.975  11.846  11.808  11.738  11.708  B2.5 Ia                         
Sk -70 65           076.296333  -70.437363  12.513  13.474  13.596  13.623  99.999  13.873  99.999  13.894  13.920  13.952  13.954  B0 III                          
Sk -68 40           076.313294  -68.037247  10.810  11.721  11.460  11.725  11.744  11.760  11.785  11.653  11.631  11.565  11.556  B2.5 Ia                         
Sk -68 41           076.362961  -68.167389  10.855  11.868  11.999  12.086  12.233  12.298  12.239  12.271  12.270  12.233  12.261  B0.5 Ia                         
Sk -68 45           076.530334  -68.118393  10.782  11.888  12.007  12.136  12.360  12.419  12.440  12.372  12.352  12.359  12.391  B0 Ia                           
Sk -70 78           076.566834  -70.493248  10.291  11.044  11.159  11.443  11.495  11.548  11.563  11.435  11.389  11.339  11.362  B0.7 Ia                         
Sk -67 45           076.578583  -67.696442  12.117  12.894  12.782  13.020  13.135  13.137  13.181  13.084  13.083  13.078  13.062  B2 II                           
Sk -70 79           076.655289  -70.490051  11.703  12.704  12.766  12.723  12.747  12.743  12.761  12.675  12.613  12.599  12.537  B0 III                          
BI 78               076.690002  -70.405586  12.673  13.664  13.796  13.834  13.979  14.078  14.071  14.066  14.099  14.057  99.999  B1 Ib                           
BI 74               076.716377  -68.429581  13.053  13.772  13.956  14.284  14.469  14.579  14.634  14.686  14.713  14.936  99.999  B3 II                           
Sk -71 7            076.737747  -71.222809  12.040  12.748  13.052  12.963  13.172  13.224  13.190  13.241  13.198  13.171  13.192  B1 I                            
Sk -67 46           076.756622  -67.624916  11.406  12.228  12.339  12.436  12.548  12.612  12.609  12.539  12.541  12.436  12.464  B1.5 I                          
Sk -68 52           076.835083  -68.535721  10.593  11.581  11.646  11.709  11.736  11.751  11.754  11.649  11.639  11.577  11.521  B0 Ia                           
BI 81               076.866836  -70.510330  13.188  14.104  14.119  14.044  14.054  13.973  13.868  13.558  13.368  13.217  12.856  Be (Fe II?)                     
Sk -71 8a           076.878212  -71.147804  11.663  12.357  12.374  12.656  13.045  13.086  13.081  13.132  13.094  13.090  13.077  B1 Ib                           
Sk -71 9            076.897789  -71.207527  11.869  12.198  12.943  12.586  12.899  13.000  13.043  12.948  12.957  12.920  12.919  B0 II                           
Sk -71 11           076.915497  -71.026894  11.681  12.477  12.621  12.695  12.961  12.994  12.948  12.936  12.903  12.826  12.844  B0.5 I                          
Sk -69 65           077.051788  -69.231613  11.793  12.654  12.726  12.436  12.755  12.811  12.928  12.800  12.819  12.772  12.856  B2.5 I/II                       
Sk -71 13           077.350166  -71.350387  13.022  13.662  13.832  99.999  14.279  14.385  14.450  14.450  14.440  14.608  99.999  Be (Fe II)                      
Sk -68 58           077.438294  -68.769417  99.999  99.999  99.999  99.999  12.069  12.064  12.049  11.825  11.690  11.352  99.999  B3 Iab                          
Sk -68 59           077.471085  -68.927193  11.041  11.971  11.916  11.874  11.815  11.746  11.741  11.587  11.560  11.590  99.999  B0.7 Ia+                        
Sk -69 68           077.495041  -69.117172  11.703  12.634  12.616  12.717  12.551  12.531  12.532  12.389  12.341  12.271  12.163  B1 II                           
Sk -67 52           077.527122  -67.236694  12.305  13.232  13.291  13.387  13.413  13.426  13.484  13.518  13.459  13.402  13.303  B0 I                            
Sk -67 54           077.715752  -67.173996  11.725  12.668  12.680  12.929  12.982  13.082  13.107  13.153  13.137  13.164  13.164  B1.5 I:                         
Sk -67 57           077.967003  -67.166031  11.933  12.732  12.220  11.518  10.748  10.225  10.056   9.904  10.023   9.945   9.861  B2 III                          
Sk -67 58           078.071167  -67.323975  10.671  11.328  11.366  10.989  11.138  11.147  11.130  11.068  11.002  11.011  10.951  B3 Ia                           
Sk -65 38           078.088249  -65.426247  12.537  13.379  13.565  13.850  13.955  13.990  13.994  14.074  14.094  13.875  99.999  B1.5 III                        
Sk -65 39           078.229416  -65.096527  99.999  99.999  99.999  99.999  14.388  14.495  14.603  14.589  14.522  14.532  99.999  B2 II                           
BI 103              078.284752  -69.301140  13.349  14.093  14.060  14.029  14.163  14.187  14.170  14.243  14.213  14.114  99.999  B2 Ia                           
LH39-3              078.366043  -69.519974  12.949  13.557  13.603  13.507  13.705  13.743  13.703  13.752  13.752  13.740  99.999  B1 III                          
Sk -69 75           078.378250  -69.539917  10.227  10.735  11.123  10.715  10.450  10.380  10.264   9.523   9.401   9.296   9.160  B8 I                            
LH39-9              078.449623  -69.539276  13.430  14.171  14.233  14.268  14.597  14.663  14.695  14.731  14.718  14.748  99.999  B1 III                          
LH39-16             078.497086  -69.529701  13.024  13.813  13.867  13.977  14.399  14.411  14.461  14.464  14.419  14.576  99.999  B0.5 III                        
Sk -67 66           078.507919  -67.330971  10.749  11.566  11.499  11.485  11.481  11.530  11.525  11.456  11.424  11.379  11.344  B5 Ia                                                 
LH39-21             078.555084  -69.556778  13.202  14.107  14.099  14.003  99.999  14.550  14.464  14.398  14.301  14.229  99.999  B1 IIIe                         
Sk -69 82           078.631538  -69.231499  10.388  11.013  11.053  99.999  10.724  10.714  10.668  10.611  10.594  10.583  10.583  B8 Ia                           
BI 110              078.723877  -65.310585  13.145  13.897  14.110  14.288  14.559  14.624  14.693  14.704  14.718  14.550  99.999  B1 III                          
Sk -70 84           079.056877  -70.574638  11.713  12.714  12.816  12.833  13.113  13.129  13.184  13.210  13.163  13.201  13.199  B0.5 I                          
S93                 079.132500  -68.369255  12.537  12.747  12.617  12.501  12.221  11.714  10.519   8.272   7.498   6.826   5.997  B9[e] Ib                        
Sk -70 85           079.273460  -70.323051  11.243  12.344  12.376  12.431  12.545  12.509  12.582  12.484  12.417  12.427  12.417  B0 I                            
Sk -69 89           079.323082  -69.778923  10.211  11.999  11.428  11.474  11.431  11.429  11.415  11.343  11.334  11.288  11.233  B2.5 Ia                         
LH41-48             079.522751  -69.205917  11.703  12.774  12.946  13.820  13.356  13.420  13.454  13.498  13.499  13.391  99.999  B1 III                          
LH41-44             079.526832  -69.210083  12.073  13.114  13.286  13.344  13.626  13.705  13.802  13.799  13.776  13.941  99.999  B1 III                          
R86                 079.545754  -69.218719  99.999  99.999  99.999  99.999  11.610  11.756  11.637  11.934  11.853  11.821  11.811  B0.2 I                          
LH41-1011           079.546501  -69.217445  99.999  99.999  99.999  99.999  12.400  12.530  12.570  12.847  12.819  12.862  99.999  B0.2 I                          
LH41-1006           079.550209  -69.217560  10.365  11.489  11.281  99.999  11.971  12.048  11.975  12.116  12.054  12.020  12.070  B0.5 I                          
LH41-47             079.561081  -69.216133  12.539  13.505  13.505  13.807  14.075  14.185  14.195  14.298  14.295  14.157  99.999  B0.2 III                        
Sk -69 97           079.575043  -69.763527  12.003  12.934  12.916  13.295  12.740  12.730  12.562  12.389  12.295  12.162  11.996  B2 I                            
LH41-38             079.640915  -69.216782  12.686  13.614  13.606  14.028  14.113  14.193  14.171  14.261  14.164  99.999  99.999  B1 III                          
LH41-61             079.644211  -69.174995  12.233  13.294  13.426  13.635  13.579  13.595  13.548  13.548  13.544  13.578  99.999  B0.2 III                        
Sk -65 40           079.715584  -65.689583  11.187   9.484   9.984  99.999  11.865  11.927  11.905  11.842  11.840  11.811  11.802  B3 Ia                           
LH41-69             079.715874  -69.201660  11.763  12.764  12.946  12.584  13.515  13.670  13.686  13.744  13.724  13.485  99.999  B0 III                          
BI 141              079.765877  -69.637917  11.380  12.026  12.722  12.737  12.269  12.263  12.273  12.299  12.163  99.999  99.999  B3 Iab                          
Sk -65 41           079.772545  -65.667610  12.471  11.406  12.150  12.948  13.019  13.085  13.074  13.104  13.083  13.085  12.975  B2 III                                   
BI 142              079.882957  -66.638718  13.095  13.983  14.017  14.151  14.259  14.340  14.392  14.383  14.292  14.399  99.999  B1 Ib                           
Sk -67 76           080.023834  -67.352974  11.575  12.542  12.589  12.845  12.932  12.952  12.975  12.953  12.877  12.865  12.751  B0 I                            
Sk -67 78           080.079498  -67.301590  99.999  99.999  99.999  99.999  11.423  11.452  11.378  11.307  11.266  11.237  11.217  B3 Ia                           
Sk -69 110          080.140541  -69.543197  99.999  99.999  99.999  99.999  11.774  11.667  11.677  11.579  11.576  11.557  11.487  B3 Ia                           
Sk -69 111          080.217751  -69.546555  99.999  99.999  99.999  99.999  12.063  12.089  12.089  11.957  12.007  11.943  99.999  B2.5 Ia                         
Sk -65 50           080.301170  -65.497109  12.272  13.014  13.174  13.348  13.508  13.578  13.584  13.621  13.612  13.586  13.554  B1.5 I                          
BI 146              080.376663  -67.543968  13.635  14.367  14.482  14.745  14.899  15.024  15.087  15.109  15.182  14.945  99.999  B3 II                           
Sk -67 81           080.406502  -67.103943  10.788  11.617  11.427  11.600  11.535  11.532  11.534  11.471  11.433  11.434  11.398  B5 Ia                           
Sk -67 83           080.460167  -67.887108  12.181  12.705  13.056  13.267  13.354  13.362  13.374  13.370  13.347  13.295  99.999  B0.5 III                        
LH47-230            080.514038  -67.945915  13.262  14.140  14.373  14.560  14.544  14.536  14.513  14.042  13.885  13.773  99.999  B1 III                          
LH47-237            080.516205  -67.924583  11.981  11.547  12.781  12.835  12.947  12.987  12.933  13.014  13.013  99.999  99.999  B0.5 I                          
LH47-265            080.525207  -67.934387  13.370  14.219  14.368  14.166  13.674  13.592  13.347  12.959  12.803  12.663  99.999  B1 IIIe                         
LH47-419            080.590332  -67.931305  13.174  14.004  14.023  14.053  14.322  14.360  14.371  14.286  14.304  14.502  99.999  B1.5 III                        
Sk -71 23           080.713295  -71.717865  10.887  11.430  11.476  99.999  11.673  11.623  11.635  11.513  11.456  11.455  11.429  B3 Iab                          
Sk -67 90           080.752747  -67.189476  99.999  99.999  99.999  99.999  11.499  11.479  11.510  11.502  11.472  11.420  11.410  B1 Ia                           
Sk -67 91           080.810959  -67.434502  99.999  99.999  99.999  99.999  12.145  12.183  12.169  12.097  12.103  12.115  12.125  B8-9 I                          
BI 153              080.842331  -67.143417  99.999  99.999  99.999  99.999  13.856  13.897  13.950  13.998  13.945  13.974  99.999  B2 II                           
Sk -66 78           080.876541  -66.703163  11.463  12.164  12.391  11.241  12.461  12.572  12.544  12.523  12.463  12.409  12.382  B1.5 I                          
Sk -69 120          081.088707  -69.712441  11.474  13.294  12.638  13.069  13.197  13.219  13.217  13.256  13.206  13.225  12.986  B0 I                            
Sk -66 87           081.273292  -66.810478  12.889  13.566  13.804  13.932  14.047  14.118  14.151  14.137  14.148  14.140  13.967  B2 III                          
Sk -67 100          081.412209  -67.316696  99.999  99.999  99.999  99.999  12.128  12.161  12.165  12.175  12.181  12.121  12.144  B1 Ia                           
Sk -67 102          081.503792  -67.052811  12.363  13.394  13.606  13.633  13.890  14.020  14.116  14.172  14.145  14.053  99.999  B2 III SB:                      
Sk -71 30           081.549210  -71.561310  11.087  11.435  11.609  11.204  11.402  11.360  11.382  11.321  11.272  11.285  11.207  B5 Ia                           
Sk -66 93           081.586624  -66.515747  12.478  13.348  13.299  13.741  13.753  13.837  13.857  13.873  13.902  13.846  99.999  B0 Ib                           
LH58-100            081.601914  -68.784721  12.630  13.617  13.628  13.283  13.020  12.833  12.734  12.411  12.300  12.135  99.999  B0.5 Ib/II                      
LH58-454            081.674210  -68.803169  12.602  13.708  13.735  14.110  14.313  14.423  14.478  14.503  14.515  14.090  99.999  B0 III                          
Sk -67 112          081.735336  -67.659721  99.999  99.999  99.999  99.999  12.282  12.352  12.338  12.359  12.331  12.302  12.318  B0.5 Ia                         
Sk -70 90a          081.785377  -70.501946  12.930  13.633  13.606  13.764  13.806  13.838  13.886  13.817  13.832  13.767  13.697  B5 II                           
S35                 081.824333  -66.368225  12.458  13.239  13.056  12.484  12.417  11.897  10.801   8.568   7.795   7.128   6.217  B1[e] Iab                       
Sk -67 116          081.835541  -67.214386  10.884  10.612  11.361  99.999  11.345  11.370  11.344  11.325  11.280  11.279  11.281  B3 Ia                           
Sk -69 139          081.847542  -69.014221  12.046  10.005  11.950  10.189  11.848  11.867  11.853  11.769  11.719  11.715  11.652  B2.5 Ia                         
Sk -68 84a          081.861794  -68.901199  11.663  12.674  12.766  12.266  12.875  12.982  12.933  12.936  12.903  12.881  12.929  B1 Ib                           
Sk -69 143          081.973373  -69.032921  99.999  99.999  99.999  99.999  10.401  10.377  10.229  10.088   9.992   9.981   9.919  B7 Ia+                          
Sk -67 123          081.983002  -67.256889  12.313  13.234  13.366  13.213  13.601  13.627  13.669  13.621  13.586  13.563  99.999  B2 III                          
Sk -67 122          081.983666  -67.346199  99.999  99.999  99.999  99.999  10.897  10.898  10.901  10.828  10.785  10.803  10.748  B5 Ia                           
Sk -68 92           082.067375  -68.862663  99.999  99.999  99.999  99.999  11.860  11.867  11.900  11.836  11.764  11.743  11.660  B1 Ia                           
Sk -67 126          082.083458  -67.675217  99.999  99.999  99.999  99.999  11.459  11.502  11.462  11.395  11.357  11.346  11.344  B5 Ia                           
LH64-6              082.154083  -68.834167  12.243  13.254  13.356  13.431  13.671  13.716  13.741  13.808  13.732  13.798  99.999  B1 III                          
Sk -70 94           082.178917  -70.330444  11.930  12.762  13.124  13.229  13.333  13.366  13.376  13.362  13.335  13.372  13.195  B0 Ib                           
W16-6               082.190834  -68.825470  12.889  13.823  13.883  14.101  14.211  14.336  14.385  14.357  14.337  14.367  99.999  B1: III:                        
W16-7               082.194122  -68.771172  12.663  13.939  13.720  14.064  14.261  14.304  14.204  13.972  13.889  13.779  13.642  B1 III                          
Sk -67 130          082.204918  -66.993416  10.819  11.382  11.385   9.607  11.507  11.481  11.476  11.379  11.342  11.320  11.321  B5 Ia                           
Sk -68 95           082.222168  -68.812309  99.999  99.999  99.999  99.999  12.859  12.947  12.953  12.907  12.835  12.841  12.775  B1 III                          
W16-29              082.240669  -68.788887  12.273  13.204  13.266  13.741  13.878  13.947  14.018  13.945  13.931  14.094  14.021  B0.2: III:                      
W16-32              082.242165  -68.802506  12.796  13.698  13.676  14.071  14.205  14.360  14.320  14.365  14.353  14.538  99.999  B0.2 III:                       
Sk -66 106          082.254127  -66.641052  99.999  99.999  99.999  99.999  11.849  11.921  11.942  11.780  11.811  11.766  11.684  B1.5 Ia                         
W16-41              082.261459  -68.750504  12.253  13.244  13.376  13.503  13.691  13.695  13.732  13.717  13.687  13.563  13.514  B0.5 III                        
Sk -67 131          082.263206  -67.340393  11.283  12.324  12.486  11.463  12.693  12.768  12.776  12.712  12.668  12.652  12.540  B0.5: Ia                        
W16-46              082.271584  -68.767807  99.999  99.999  99.999  99.999  13.199  13.268  13.296  13.405  13.310  13.370  13.336  B1: I:                          
W16-52              082.284874  -68.754524  99.999  99.999  99.999  99.999  12.692  12.684  12.670  99.999  12.771  12.777  99.999  B2: III:                        
NGC2004-109         082.296043  -67.316444  14.549  15.234  15.320  15.558  15.610  15.780  15.759  15.796  15.827  99.999  99.999  B2.5 III                                 
W16-61              082.298622  -68.740021  11.643  12.674  12.846  12.846  13.081  13.197  13.221  13.264  13.298  13.385  13.279  B0.5 I                          
W16-62              082.300087  -68.749771  12.658  13.603  13.644  13.873  13.939  13.762  13.957  13.790  13.717  13.622  13.396  B1.5 III                        
NGC2004-061         082.316498  -67.329277  14.110  14.792  14.876  15.132  99.999  99.999  99.999  15.331  15.368  99.999  99.999  B2 III                          
BI 178              082.316795  -67.207581  13.234  14.168  14.247  14.473  14.152  14.077  13.993  14.678  14.570  14.662  14.284  B1 III                          
NGC2004-093         082.334709  -67.317864  14.488  15.112  15.189  15.391  15.497  15.549  99.999  15.696  15.769  99.999  99.999  B3 III                          
NGC2004-010         082.340500  -67.336387  11.703  12.574  12.676  11.888  12.754  12.758  12.835  12.790  12.771  12.731  12.772  B2.5 Iab                        
Sk -70 96           082.348877  -70.233581  11.631  12.310  12.389  13.784  13.110  13.170  13.202  13.203  13.222  13.228  12.983  B0.7 III                        
lmc1-436            082.348915  -71.092697  14.107  14.876  15.022  15.201  15.379  15.456  15.408  15.448  15.420  99.999  99.999  B1 III                          
W16-85              082.353539  -68.749527  12.968  13.958  14.008  14.292  14.405  14.509  14.542  14.528  14.507  14.438  14.192  B2 III                          
W16-26              082.365417  -68.766724  11.553  12.554  12.696  99.999  12.910  13.002  13.009  12.936  12.957  12.917  12.907  B1 I                            
NGC2004-091         082.392998  -67.250526  14.379  15.071  15.200  15.565  15.575  15.640  15.653  15.796  15.844  99.999  99.999  B1.5 III                        
NGC2004-005         082.427544  -67.346527  99.999  99.999  99.999  99.999  11.983  11.964  11.965  11.939  11.915  11.878  11.838  B8 Ia                           
NGC2004-024         082.474960  -67.289497  13.251  14.034  14.116  14.290  14.401  14.522  14.636  14.394  14.484  14.508  99.999  B1.5 IIIn                       
Sk -69 162          082.483170  -69.003334  99.999  99.999  99.999  99.999  11.945  11.977  11.997  11.887  11.804  11.757  11.758  B2.5 Ia                         
NGC2004-085         082.484665  -67.298752  14.387  15.076  15.178  15.420  15.538  15.597  15.759  15.696  15.923  99.999  99.999  B2.5 III                        
NGC2004-080         082.495125  -67.271614  14.424  15.040  15.154  15.388  15.465  15.560  15.511  15.578  15.485  99.999  99.999  B2.5 III                        
Sk -68 105          082.537041  -68.810196  11.903  12.974  13.116  13.259  13.333  13.436  13.449  13.479  13.446  13.541  13.514  B0 Ia                                  
NGC2004-065         082.554581  -67.351807  14.255  14.941  14.993  15.171  15.246  15.312  15.355  15.385  15.360  99.999  99.999  B2.5 III                        
NGC2004-097         082.555039  -67.144554  14.580  15.176  15.348  15.615  15.718  15.835  15.919  15.951  16.047  99.999  99.999  B2 III                                 
Sk -67 145          082.565247  -67.539414  99.999  99.999  99.999  99.999  11.145  11.127  11.119  11.048  10.993  10.995  11.014  B7 Ia                           
NGC2004-108         082.575622  -67.216278  14.635  15.345  15.415  15.666  15.722  15.862  16.017  15.905  16.058  99.999  99.999  B2.5 III                                 
NGC2004-068         082.595833  -67.148224  14.441  14.949  14.998  99.999  15.443  15.523  15.572  15.533  15.553  99.999  99.999  B2.5 III                        
NGC2004-116         082.598251  -67.178246  14.757  15.431  15.564  15.866  15.909  16.082  16.246  16.169  16.230  99.999  99.999  B2 III                          
lmc1-859            082.617836  -70.989914  12.687  13.406  13.603  13.780  13.972  14.042  14.075  14.155  14.112  14.215  14.042  B0.5 III                        
NGC2004-106         082.622871  -67.279449  14.679  15.339  15.502  15.707  15.765  16.002  16.100  15.979  15.826  99.999  99.999  B2 III                          
Sk -67 150          082.632126  -67.014831  11.241  12.034  11.881  10.856  12.438  12.509  12.478  12.458  12.406  12.472  12.356  B0.7 Ia                                    
NGC2004-032         082.655418  -67.176109  13.627  14.277  14.397  14.674  14.732  14.839  14.838  14.925  14.980  99.999  99.999  B2 II                           
NGC2004-012         082.656166  -67.281586  12.183  13.154  13.336  13.493  13.847  13.928  13.923  13.868  13.874  14.018  99.999  B1.5 Iab                        
NGC2004-043         082.661415  -67.253670  13.829  14.555  14.725  14.862  15.103  15.178  15.229  15.280  15.335  99.999  99.999  B1.5 III                                     
lmc1-756            082.663040  -71.016670  13.636  14.407  14.594  14.786  99.999  15.081  15.081  15.189  15.168  15.163  99.999  B1 III                          
NGC2004-008         082.667084  -67.277199  99.999  99.999  99.999  99.999  12.296  12.278  12.263  12.149  12.163  12.190  12.265  B9 Ia                           
NGC2004-016         082.667122  -67.316421  13.417  13.676  13.679  13.654  13.502  13.541  13.527  13.600  13.533  13.671  13.722  B9 Ib                                   
NGC2004-021         082.675041  -67.361496  12.919  13.665  13.744  13.997  14.087  14.153  14.166  14.220  14.286  14.276  99.999  B1.5 Ib                         
NGC2004-046         082.679001  -67.278755  13.848  14.604  14.780  14.949  14.868  15.126  15.355  15.477  15.438  99.999  99.999  B1.5 III                        
lmc1-713            082.685165  -71.029030  14.855  16.107  15.908  16.081  16.197  16.337  99.999  16.451  16.278  99.999  99.999  B1 III                          
NGC2004-014         082.685295  -67.350418  12.603  13.414  13.546  13.671  13.701  13.754  13.803  13.808  13.826  13.817  99.999  B3 Ib                                     
NGC2004-013         082.693962  -67.327721  12.473  13.384  13.546  13.683  13.791  13.891  13.950  13.909  13.853  13.846  99.999  B2 II                           
lmc1-620            082.696121  -71.054367  12.694  13.453  13.440  13.290  13.180  13.165  13.157  13.052  13.023  12.858  99.999  B0 Ia                           
NGC2004-022         082.697372  -67.289833  12.982  13.740  13.863  13.925  13.889  13.849  13.820  99.999  14.444  14.247  99.999  B1.5 Ib                         
Sk -71 42           082.699127  -71.067306  10.281  10.971  11.088  10.767  11.163  11.227  11.211  11.089  11.025  11.058  11.014  B1 Iab                                    
Sk -66 118          082.716293  -66.902527  11.075  11.674  11.859  99.999  11.964  11.988  11.985  11.844  11.887  11.841  11.793  B2 Ia                           
NGC2004-051         082.722664  -67.286278  14.003  14.713  14.880  15.012  15.276  15.437  15.477  15.495  15.533  99.999  99.999  B2 III                                  
NGC2004-113         082.724419  -67.281784  14.736  15.349  15.501  15.486  15.773  15.852  15.863  15.870  15.812  99.999  99.999  B2.5 IIIn                       
BI 187              082.726997  -71.086281  12.488  13.243  13.429  13.484  13.576  13.605  13.625  13.666  13.655  13.862  99.999  B0 III                          
NGC2004-073         082.732208  -67.313499  14.362  15.036  15.185  15.413  15.551  15.709  15.704  15.756  15.680  99.999  99.999  B2 III                          
NGC2004-088         082.738129  -67.253975  14.471  15.126  15.204  15.432  15.585  15.719  15.656  15.820  15.700  99.999  99.999  B2.5 III                        
lmc1-732            082.740211  -71.025421  13.643  14.395  14.629  14.768  14.989  15.006  15.041  15.194  15.218  99.999  99.999  B1 III                          
NGC2004-086         082.741752  -67.234665  14.426  15.098  15.248  15.496  15.595  15.722  15.693  15.772  15.784  99.999  99.999  B2 III                                         
NGC2004-098         082.751251  -67.318306  14.458  15.281  15.344  15.520  15.687  15.758  15.702  15.845  15.862  99.999  99.999  B2 III                          
Sk -68 111          082.753502  -68.899193  11.919  10.161  12.090  10.592  12.161  12.254  12.225  12.087  12.120  12.038  11.975  BN1 Ia                          
NGC2004-070         082.765045  -67.268806  14.137  14.890  15.069  15.371  15.345  15.457  15.380  15.780  15.879  99.999  99.999  B0.7-B1 III                     
NGC2004-011         082.765625  -67.355583  11.633  12.584  12.666  12.621  99.999  13.069  13.073  13.091  13.043  12.999  12.996  B1.5 Ia                         
NGC2004-084         082.783379  -67.333420  14.253  15.046  15.206  15.460  15.685  15.793  15.906  15.888  16.010  99.999  99.999  B1.5 III                        
Sk -71 44           082.784248  -71.028534  12.059  12.837  13.004  13.092  13.281  13.338  13.349  13.414  13.364  13.383  13.314  B0 Ia                                         
lmc1-572            082.790291  -71.064339  15.226  15.868  15.998  16.124  16.206  16.279  99.999  16.224  16.322  99.999  99.999  B1 III                          
NGC2004-042         082.799919  -67.387306  13.838  14.463  14.597  14.819  14.893  15.036  14.950  15.039  15.113  15.213  99.999  B2.5 III                        
NGC2004-119         082.811043  -67.199944  14.837  15.462  15.632  15.874  15.960  16.079  15.768  16.190  16.241  99.999  99.999  B2 III                          
NGC2004-099         082.818832  -67.348808  14.455  15.199  15.325  15.581  15.744  15.845  15.933  15.788  15.746  99.999  99.999  B2 III                          
NGC2004-004         082.866249  -67.412193  99.999  99.999  99.999  99.999  11.845  11.919  11.834  11.772  11.770  11.715  11.716  B9 Ia                           
Sk -67 158          082.867790  -67.518448  12.303  13.264  13.426  13.480  13.651  13.691  13.741  13.771  13.754  13.699  13.738  B1 III                          
NGC2004-071         082.880455  -67.192581  14.242  14.933  15.066  15.383  99.999  99.999  99.999  15.688  15.726  99.999  99.999  B1.5 III                               
NGC2004-028         082.885788  -67.277862  13.517  14.150  14.296  14.398  14.560  14.578  14.662  14.755  14.718  14.954  99.999  B2 II                                       
Sk -67 169          082.964958  -67.039528  99.999  99.999  99.999  99.999  12.377  12.446  12.444  12.454  12.439  12.409  12.402  B1 Ia                           
Sk -68 114          082.967834  -68.544136  99.999  99.999  99.999  99.999  10.461  10.368  10.320  10.140  10.041   9.963   9.908  BN?2 Ia+                        
lmc1-212            082.997086  -71.161781  13.939  14.545  14.771  14.912  15.123  15.223  15.163  15.311  15.279  99.999  99.999  B1 III                          
NGC2004-007         083.003166  -67.339615  99.999  99.999  99.999  99.999  12.004  12.023  11.998  11.964  11.980  11.927  11.965  B8 Ia                           
NGC2004-112         083.019707  -67.317696  14.629  15.298  15.426  15.651  15.839  15.870  15.730  15.979  15.987  99.999  99.999  B2 III                          
BI 193              083.020042  -67.559311  12.323  13.334  13.556  13.711  13.974  14.073  14.092  14.155  14.104  14.038  14.145  B0 II                           
NGC2004-111         083.023918  -67.266136  14.632  15.295  15.434  15.671  15.820  15.734  16.108  15.942  15.915  99.999  99.999  B2.5 III                        
NGC2004-052         083.026169  -67.330330  13.902  14.635  14.770  15.030  15.226  15.237  15.281  15.424  15.394  99.999  99.999  B2 III                          
Sk -67 172          083.030502  -67.487221  99.999  99.999  99.999  99.999  12.027  12.113  12.054  12.003  12.011  11.972  11.965  B2.5 Ia                         
Sk -67 173          083.044792  -67.673607   8.935  14.477  12.174  10.919  12.282  12.378  12.369  12.418  12.341  12.342  99.999  B0 Ia                           
LH72-S132           083.078331  -66.403336  99.999  99.999  99.999  99.999  11.443  11.356  11.202  10.828  10.583  10.434  10.138  B8 Ia emission                  
LH72-L51            083.084999  -66.399498  12.832  13.638  13.790  14.045  14.206  14.289  14.352  14.414  14.429  14.502  99.999  B0.5 III                        
Sk -68 117          083.107414  -68.921028  12.443  13.414  13.526  13.552  13.660  13.700  13.732  13.710  13.724  13.728  13.373  B1 III                          
BI 197              083.119164  -67.375671  12.944  13.681  13.744  13.973  14.096  14.180  14.174  14.311  14.314  14.582  14.338  B0 II                           
Sk -67 178b         083.120499  -67.531975  10.886  12.480  11.757  99.999  11.797  11.780  11.723  11.637  11.535  11.445  11.350  B2 Iab                          
Sk -65 66           083.135956  -65.861252  12.212  12.474  13.048  13.162  99.999  99.999  99.999  13.548  13.550  13.568  13.468  B0.5 II                         
LH72-S135           083.138336  -66.436752  12.364  10.756  11.522  11.424  12.355  12.380  12.401  12.383  12.357  12.294  99.999  B3 Ia-b                         
BI 200              083.216377  -67.565277  12.638  13.507  13.644  13.792  99.999  99.999  14.066  14.101  14.096  14.153  14.107  B0 II                           
BI 203              083.424461  -66.473610  12.832  13.816  13.925  14.340  14.345  14.447  14.435  14.605  14.578  14.802  99.999  B2 III                          
BI 205              083.449669  -66.473862  12.927  13.768  13.975  14.203  14.376  14.487  14.563  14.543  14.566  14.676  99.999  B0 III                          
Sk -66 148          083.452293  -66.575218  99.999  10.444  10.048  11.123  12.362  12.411  12.406  12.436  12.373  12.326  12.376  B1.5 Ia                         
Sk -66 150          083.527206  -66.887276  11.408  12.086  12.301  11.045  12.363  12.463  12.467  12.411  12.357  12.318  12.304  B1.5 Ia                         
Sk -67 199          083.576920  -67.303810  99.999  99.999  99.999  99.999  11.061  11.045  11.010  99.999  10.943  10.922  10.915  B3 Ia                           
LH81-20             083.599045  -69.737221  13.319  14.103  14.128  14.456  14.591  14.630  14.647  14.658  14.668  14.794  99.999  B0 III                          
Sk -69 193          083.628540  -69.781059  99.999  99.999  99.999  99.999  12.345  12.358  12.330  12.249  12.181  11.851  99.999  B0.5 I                                                
LH81-1007           083.665039  -69.746635  11.591  12.277  12.482  12.356  12.846  12.891  12.867  12.826  12.779  12.760  99.999  B0 I                            
LH81-1018           083.670997  -69.748382  12.954  13.603  13.743  13.927  14.177  14.235  14.338  14.437  14.426  14.526  99.999  B0.5 III                        
W28-17              083.680206  -69.710861  11.936  12.543  12.678  12.815  13.067  13.098  13.174  13.160  13.063  12.998  99.999  B0 I                            
BI 220              083.682831  -68.608002  12.722  13.710  13.853  14.098  14.218  14.277  14.374  14.333  14.347  14.399  99.999  B0.5 III                        
Sk -67 204          083.709045  -67.353470  99.999  99.999  99.999  99.999  10.700  10.702  10.657  10.558  10.533  10.513  10.496  B8 Ia                           
BI 217              083.715668  -69.379082  12.563  13.384  13.416  13.500  13.466  13.490  13.508  13.460  13.469  13.440  13.489  B2 III                          
Sk -67 206          083.729622  -67.043747  11.995   9.862  12.024  11.109  12.276  12.333  12.397  12.293  12.266  12.226  12.188  B0.5 Ia                         
Sk -67 207          083.731087  -67.351914  10.545   9.459  10.348  99.999  10.310  10.203  10.199  10.080  10.016   9.981   9.949  B9 Ia                           
Sk -69 197          083.740501  -69.731720  99.999  99.999  99.999  99.999  12.191  12.223  12.185  12.087  12.070  11.932  11.965  B1.5 I                          
W28-28              083.742668  -69.752388  13.301  14.039  14.151  14.400  14.627  14.704  14.727  14.672  14.607  14.595  99.999  B0 III                          
Sk -69 200          083.764999  -69.750557  99.999  99.999  99.999  99.999  11.091  11.122  11.055  10.942  10.852  10.831  10.789  B1 I                            
Sk -67 210          083.788292  -67.699638  12.724  13.574  13.797  14.063  14.214  14.309  14.403  14.446  14.495  14.478  99.999  B0 III                          
BI 228              083.790291  -70.848144  13.138  14.025  14.093  14.204  14.439  14.426  14.513  14.425  14.466  14.478  99.999  B0.2 III                        
W27-1               083.802376  -68.853889  12.820  13.533  13.752  13.969  14.127  14.198  14.234  14.305  14.282  14.461  99.999  B0.5 III                        
W27-3               083.854668  -68.904198  12.683  13.604  13.566  13.388  13.228  13.123  13.079  12.785  12.711  12.548  99.999  B0.5 I                          
Sk -69 203          083.863167  -69.231224  11.448  12.316  12.250  12.209  12.131  12.117  12.051  11.972  11.954  11.943  11.986  B0.7 Ia                         
[ST92]3-8           083.905586  -68.982361  13.308  14.121  13.634  13.968  14.083  14.124  14.171  14.123  14.225  14.166  99.999  B0 III                          
W27-7               083.905876  -68.861946  11.963  12.924  13.056  13.175  99.999  99.999  99.999  13.414  13.360  13.319  13.451  B1.5: I                         
Sk -68 126          083.910294  -68.946945  11.783  12.664  12.676  99.999  12.452  12.466  12.446  12.328  12.310  12.263  12.355  B1 I                            
Sk -66 163          083.921753  -66.043419  11.617  10.476  10.925  11.510  12.544  12.612  12.603  12.614  12.548  12.538  12.549  B0.5 Ia                         
W27-9               083.944336  -68.968086  13.164  13.908  13.816  13.750  13.584  13.551  13.532  13.451  13.447  13.531  99.999  B2 I                            
W27-10              083.953125  -68.983025  13.398  14.097  13.977  13.892  13.727  13.658  13.678  13.659  13.640  13.474  99.999  B0.5: III                       
W27-21              083.953125  -68.895744  12.253  13.164  13.126  12.789  12.912  12.913  12.918  12.765  12.696  12.675  12.528  B0.5 I                          
W27-12              083.954956  -68.987884  13.571  14.340  14.250  14.216  14.168  14.144  14.109  14.076  14.063  13.594  99.999  B0 III                          
W27-11              083.955330  -68.983994  13.650  14.438  14.273  14.250  14.148  14.131  14.135  14.074  14.083  99.999  99.999  B0 III                          
Sk -67 217          083.955833  -67.061111  99.999   9.650  12.052  10.414  12.256  12.289  12.357  12.345  12.389  12.334  12.216  B1.5 Ia                         
W27-15              083.963127  -68.982529  13.548  14.228  14.188  13.782  13.579  13.423  13.102  13.700  13.357  13.123  99.999  B0: III:                        
W27-16              083.964836  -68.974304  13.871  14.644  14.687  14.737  14.700  14.721  14.896  14.802  14.826  14.748  99.999  B0 III                          
W27-24              083.980003  -68.982307  13.274  14.044  14.027  14.130  14.053  14.046  14.053  14.196  14.243  14.252  99.999  B0 III                          
Sk -67 220          083.986504  -67.459610   9.627  12.913  11.689  99.999  11.775  11.869  11.834  11.782  11.782  11.724  11.750  B2.5 Ia                         
Sk -67 222          083.996628  -67.067612  99.999  99.999  99.999  99.999  11.339  11.386  11.392  11.318  11.283  11.258  11.271  B7 Ia                           
W27-29              084.003166  -68.977081  13.183  13.791  13.867  13.552  13.451  13.398  13.398  13.312  13.300  13.293  99.999  B0 I                            
[ST92]3-54          084.004913  -68.968330  15.985  16.674  16.575  16.563  16.454  16.321  99.999  16.450  16.361  99.999  99.999  B1 III                          
ST2-46              084.009376  -69.196335  13.493  14.194  14.068  13.911  13.758  13.774  13.703  13.723  13.722  13.702  13.728  B0 III                          
Sk -69 210          084.015793  -69.025032  12.313  13.004  12.706  10.428  11.781  11.669  11.609  11.398  11.346  11.298  11.287  B1.5 I                          
Sk -69 211          084.018791  -69.402306  99.999  99.999  99.999  99.999  10.001   9.925   9.863   9.755   9.642   9.621   9.544  B9 Ia                           
LH85-11             084.025291  -68.872528  13.275  13.908  13.938  13.824  13.752  13.735  13.712  13.677  13.602  13.285  99.999  B0.5 I                          
W27-31              084.028168  -68.965134  13.141  13.846  13.827  13.910  13.873  13.882  13.946  13.856  13.805  13.293  99.999  B1 I                            
Sk -68 127          084.053627  -68.473610  12.593  13.604  13.726  13.896  14.004  14.114  14.150  14.108  14.083  14.026  99.999  B0.5 Ia                         
ST2-71              084.060333  -69.191139  13.123  13.594  13.256  11.966  12.306  12.122  12.004  11.855  11.827  11.781  11.767  B1.5 III                        
W27-46              084.063042  -68.899025  12.473  13.364  13.396  13.349  13.304  13.317  13.332  13.296  13.213  13.253  13.369  B1 III                          
W27-44              084.066002  -68.947670  12.533  13.494  13.466  13.389  13.220  13.099  12.890  12.507  12.285  12.141  11.866  B0.5 III                        
Sk -69 214          084.068420  -69.524170  11.419  12.279  12.112  12.329  12.178  12.217  12.173  12.122  12.120  12.095  12.059  B0.7 Ia                         
Sk -69 213          084.071251  -69.184364  99.999  99.999  99.999  99.999  11.682  11.648  11.600  11.463  11.456  11.413  11.386  BC1 Ia                          
LH90-1028           084.084663  -69.200165  13.593  14.385  14.401  14.443  14.442  14.557  14.488  14.508  14.522  14.405  99.999  B0.2 III                        
W27-55              084.097580  -68.925247  12.573  13.524  13.546  13.537  13.508  13.536  13.541  13.489  13.437  13.413  99.999  B0.5 III                        
Sk -68 129          084.111542  -68.958885  11.973  12.864  12.836  11.827  12.574  12.561  12.553  12.439  12.362  12.334  12.279  B1 I                            
HMW283              084.142914  -69.511391  14.286  15.062  14.996  15.192  15.141  15.049  14.962  14.695  14.542  14.655  99.999  B0 III                          
BI 244              084.164711  -66.456329  13.280  14.131  14.248  14.291  14.303  14.267  14.063  13.665  13.471  13.396  13.071  Be (Fe II?)                     
R128-37             084.196663  -69.497833   9.940  10.761  10.730  99.999  10.836  10.892  10.843  10.718  10.626  10.603  10.543  B1.5 Ia (N wk)                  
Sk -69 228          084.288254  -69.338753  99.999  99.999  99.999  99.999  12.001  11.947  11.956  11.807  11.801  11.697  11.676  BC1.5 Ia                        
[ST92]1-17          084.390663  -69.137001  13.069  13.832  13.616  12.990  12.801  12.643  12.554  12.414  12.357  12.271  99.999  B1 III                          
Sk -68 134          084.400795  -68.848976  11.818  13.655  13.656  13.696  13.619  13.579  13.566  13.538  13.480  13.333  13.245  B1 Ib                           
Sk -67 228          084.420876  -67.721275   8.716  12.227  11.475   9.800  11.554  11.515  11.492  11.393  11.285  11.237  11.152  B2 Ia                           
Sk -69 237          084.505333  -69.370582  11.243  12.122  12.032  12.107  12.186  12.179  12.179  11.974  11.969  11.883  11.954  B1 Ia                                               
Parker662           084.661941  -69.137367  12.623  13.114  12.516  10.440  11.184  10.898  10.697  10.402  10.319  10.291  99.999  BN6 Iap                         
Sk -67 230          084.663208  -67.566391  12.533  13.504  13.626  13.671  13.776  13.807  13.818  13.837  13.824  13.702  99.999  B2 III                          
Parker9019          084.671257  -69.029495  14.684  15.333  15.556  15.477  15.521  15.508  15.505  15.539  15.836  99.999  99.999  B1: III                         
Sk -69 244          084.677086  -69.385857  10.839  11.295  11.399  11.301  11.419  11.399  11.415  11.368  11.332  11.310  11.281  B5 Ia                           
Parker9022          084.677376  -69.017334  12.363  13.274  13.176  12.362  12.785  12.708  12.698  12.480  12.428  12.318  99.999  B0 Iab                          
Parker9024          084.679542  -69.025726  12.393  13.284  13.246  12.424  12.756  12.652  12.602  12.567  12.486  12.409  99.999  B0.5 Ia                         
[ST92]5-86          084.684250  -69.500557  12.841  13.753  13.756  13.811  13.860  13.914  13.920  13.902  13.909  99.999  99.999  B0.5 III                        
Parker1184          084.687340  -69.135201  14.203  14.657  14.205  13.773  13.327  13.148  12.915  12.746  99.999  12.342  99.999  B1 Ia                           
Parker1257          084.690399  -69.106239  11.233  12.094  11.996  10.066  11.581  11.478  11.368  11.338  11.262  11.199  99.999  B0 Ia                           
Parker1419          084.700554  -69.128227  15.250  15.874  15.516  15.772  15.872  15.899  15.594  15.533  99.999  99.999  99.999  B1 III                          
Parker1527          084.709465  -69.101227  14.370  14.988  15.182  14.536  14.634  14.592  14.642  14.315  14.398  14.022  99.999  B1 III                          
Parker1552          084.712707  -69.105675  13.350  14.202  13.835  13.609  13.365  13.284  13.228  12.971  99.999  12.731  99.999  B2 Ib:                          
Parker1618          084.720764  -69.136559  14.504  15.004  14.857  14.735  99.999  99.999  99.999  14.619  14.530  99.999  99.999  B0.5 III                                            
BI 255              084.723831  -67.405029  13.021  13.939  14.118  13.997  14.623  14.710  14.681  14.783  14.686  14.655  99.999  B0 III                          
Parker1661          084.725372  -69.135475  14.032  14.713  14.579  14.020  13.894  13.816  13.611  13.225  13.043  12.831  99.999  B0.7 Ia                                            
Parker1685          084.728249  -69.145653  13.327  14.041  13.965  13.678  13.565  13.508  13.426  13.312  13.286  13.100  99.999  B0.5 Ia                         
Parker1729          084.731811  -69.123283  14.514  15.112  15.022  14.717  14.545  14.469  14.466  14.292  14.216  14.252  99.999  B0.5 III                        
Parker1737          084.732574  -69.139572  13.930  14.529  14.398  13.908  13.780  13.672  13.667  13.548  99.999  99.999  99.999  B1 Iab                          
Parker1797          084.738823  -69.119400  14.514  13.891  14.134  12.470  12.120  11.684  11.240  10.604  10.225  10.019   9.660  B3 Ia                           
Parker1987          084.769974  -69.069405  12.403  13.154  12.756  99.999  12.337  12.180  12.074  11.846  11.731  11.298  99.999  B1 Ia                           
Parker2123          084.834381  -69.107307  12.803  13.174  12.886  10.863  11.982  11.854  11.759  11.606  11.586  11.518  11.570  B8 Ia                           
LH101-5-3           084.856163  -69.478554  99.999  20.520  19.338  17.411  16.127  15.304  15.048  14.954  14.992  99.999  99.999  B1 Ib                           
Sk -69 254          084.917000  -69.742691  11.745  12.295  12.080  11.493  11.196  11.002  10.857  10.733  10.604  10.616  10.738  B3 Ia                           
Parker2305          084.932594  -69.097122  14.765  15.340  15.196  14.888  14.691  99.999  14.619  14.496  14.499  99.999  99.999  B1 III                          
[ST92]4-11          084.950874  -69.404610  14.875  15.556  15.652  15.636  15.496  15.540  15.607  15.552  15.604  99.999  99.999  B1 III                          
[ST92]4-16          084.958748  -69.387306  99.999  99.999  99.999  99.999  13.386  12.979  12.933  12.755  12.787  12.630  99.999  B1 I                            
[ST92]4-70          084.975128  -69.421219  99.999  19.214  17.719  16.831  99.999  99.999  99.999  14.678  14.655  14.628  99.999  B1 III                          
W4-15               085.026749  -69.392883  12.443  13.414  13.486  13.232  13.284  12.996  12.933  12.902  12.903  12.889  12.803  B0.5 I                          
Sk -70 106          085.041168  -70.450775  12.164  12.781  12.796  12.729  12.655  12.615  12.631  12.527  12.451  12.436  12.405  B3 I                            
[ST92]4-61          085.056122  -69.389137  12.363  13.334  13.386  13.336  13.430  13.458  13.512  13.460  13.314  13.455  13.637  B1 I                            
LH104-4-67          085.064789  -69.402779  99.999  18.955  17.675  16.408  15.055  14.747  99.999  14.644  14.709  14.438  99.999  B2 I                            
Sk -67 241          085.200043  -67.355057  12.503  12.917  13.252  13.306  13.506  13.604  13.592  13.627  13.596  13.717  13.667  B1 III                          
Sk -68 147          085.234169  -68.509888  11.923  12.894  12.966  13.088  13.157  13.218  13.261  13.233  13.180  13.226  13.164  B2 II                           
Sk -69 269          085.277420  -69.672806  12.839  13.546  13.461  13.572  13.622  13.625  13.611  13.589  13.589  13.514  99.999  B1 III:                         
Sk -69 270          085.334999  -69.085365  99.999  99.999  99.999  99.999  10.983  10.954  10.892  10.804  10.745  10.705  10.731  B2.5 Ia                         
Sk -69 274          085.365334  -69.801033  99.999  99.999  99.999  99.999  11.077  11.128  11.035  10.970  10.909  10.862  10.748  B2.5 Ia                         
Sk -70 111          085.403290  -70.014610  10.812  11.872  11.516  11.965  12.034  12.050  12.047  11.930  11.995  11.894  11.793  B0.5 Ia                         
BI 267              085.406334  -68.542610  13.121  14.136  14.240  14.356  14.262  14.266  14.175  14.370  14.270  14.206  99.999  B0 III                          
S137                085.432289  -69.627304  13.504  14.198  14.107  13.463  13.137  12.238  11.141   9.432   8.711   8.190   7.570  B6[e] Ib/II                     
Sk -67 247          085.537918  -67.290947  12.169  12.126  12.082  10.747  12.274  12.299  12.298  12.219  12.172  12.135  12.096  B2.5 II                         
Sk -68 150          085.548332  -68.014526  12.995  13.734  13.867  14.028  14.103  14.140  14.139  14.255  14.228  14.432  99.999  B2 II                           
Sk -66 185          085.627083  -66.303032  11.981  12.922  13.224  13.225  13.449  13.560  13.672  13.600  13.636  13.617  13.632  B0 Iab                          
Sk -69 289          085.705292  -69.547859  99.999  99.999  99.999  99.999  11.435  11.450  11.433  11.345  11.318  11.292  11.254  B0.7 Ia                         
Sk -69 291          085.732414  -69.461800  99.999  99.999  99.999  99.999  13.152  13.228  13.272  13.328  13.240  13.321  13.275  B0 III                          
Sk -67 249          085.762665  -67.375587  11.600  12.371  12.397  12.490  12.488  12.575  12.548  12.614  12.560  12.519  12.459  B1.5 I                          
BI 271              086.085251  -67.240967  12.242  13.205  13.245  13.500  13.657  13.725  13.737  13.729  13.735  13.699  13.585  B0 II                           
Sk -67 255          086.099625  -67.201332  99.999  99.999  99.999  99.999  11.452  11.483  11.483  11.450  11.409  11.406  11.398  B3 Ia                           
Sk -67 256          086.104248  -67.230446  10.857  11.776  11.751  11.857  11.934  12.008  11.982  11.967  11.973  11.899  11.829  B1 Ia                           
Sk -66 187          086.137291  -66.389137  12.690  13.641  13.871  14.153  14.294  14.325  14.478  14.545  14.550  14.748  99.999  B2 III                          
Sk -66 188          086.166580  -66.327080  11.641  11.416  11.623  12.622  12.751  12.776  12.852  12.913  12.852  12.823  12.854  B0.7 Ia                         
S59                 086.372833  -68.196083  13.367  14.512  14.021  13.651  13.098  12.437  11.475   9.655   8.994   8.383   7.624  B5[e] II                        
Sk -66 190          086.387337  -66.883636  11.582  12.383  12.621  13.008  12.998  13.064  13.088  13.065  13.023  12.973  13.034  B2 III                          
Sk -68 161          086.420166  -68.077026  13.137  13.921  14.083  14.497  14.532  14.565  14.635  14.661  14.650  14.834  99.999  B1 III                          
Sk -69 300          086.900459  -69.558807  13.118  14.036  14.122  14.125  14.081  14.092  14.179  14.128  14.123  14.291  99.999  B1 Ib                           
Sk -70 116          087.261833  -70.041695  11.141  12.174  11.904  11.655  11.638  11.584  11.516  11.459  11.418  11.333  11.398  B2 Ia                           
Sk -70 119          087.489830  -70.154198  11.697  12.806  12.794  13.125  13.202  13.232  13.301  13.320  13.291  13.243  13.121  B0 Ib                           
Sk -68 171          087.595795  -68.190193  11.051  11.960  12.001  12.171  12.180  12.221  12.219  12.189  12.124  12.141  12.007  B0.7 I                          
Sk -70 120          087.836586  -70.285919  10.038  11.490  11.497  11.646  11.781  11.801  11.840  11.707  11.653  11.610  11.599  B1 Ia                           
Sk -68 175          088.059334  -68.068611  11.979  12.741  12.826  13.127  13.208  13.239  13.317  13.312  13.260  13.285  13.248  B2 I/II                         
Sk -68 176          088.073044  -68.275726  12.192  13.057  13.111  13.417  13.618  13.659  13.673  13.699  13.668  13.682  13.733  B2 II                           
Sk -68 177          088.198830  -68.226387  11.899  12.661  12.825  13.128  13.307  13.351  13.401  13.423  13.396  13.451  13.476  B2 III                          
Sk -68 179          088.457123  -68.313171  11.037  11.666  11.610  11.697  11.709  11.732  11.721  11.705  11.645  11.631  11.607  B3 Ia                           
Sk -69 305          088.553459  -69.498772  12.343  13.042  13.079  13.026  13.132  13.158  13.125  13.111  13.053  13.067  13.094  B5 Ia                           