Name                  RAJ2000     DEJ2000    Umag    Bmag    Vmag    Imag    Jmag    Hmag    Ksmag   [3.6]   [4.5]   [5.8]   [8.0]  Class                           
                        deg         deg       mag     mag     mag     mag     mag     mag     mag     mag     mag     mag     mag                                   

BI 28               073.894669  -69.809753  13.456  14.318  14.413  14.596  14.643  14.737  14.804  14.799  14.805  14.576  99.999  B1 V                                    
N11-072             073.965126  -66.365974  13.563  14.435  14.565  14.841  14.973  15.012  15.226  15.162  15.311  99.999  99.999  B0.2 V                          
N11-104             073.980125  -66.365891  14.222  14.850  15.218  99.999  15.237  15.404  15.342  15.489  15.523  99.999  99.999  B1.5 V                          
N11-084             074.038330  -66.452354  13.874  14.614  14.821  14.949  99.999  99.999  99.999  14.969  15.240  99.999  99.999  B0.5 V                                     
N11-101             074.158836  -66.398384  13.937  14.803  14.826  14.868  14.903  14.913  99.999  14.845  99.999  99.999  99.999  B0.2 V                          
N11-085             074.163917  -66.483055  13.944  14.665  14.900  15.027  15.143  15.100  15.134  15.222  15.327  99.999  99.999  B0.5 V                          
1303                074.169670  -66.491913  13.563  14.399  14.518  14.665  14.691  14.756  14.796  14.767  14.723  14.826  99.999  B0.5: V                         
1310                074.171081  -66.461105  11.925  12.707  12.937  12.654  13.235  13.270  13.324  13.337  13.312  13.236  99.999  B0 V                            
1321                074.175247  -66.476669  14.641  15.582  15.639  15.248  15.405  15.288  14.879  14.799  14.391  13.985  13.677  B1: V                           
N11-106             074.175331  -66.521950  13.953  14.803  14.878  15.103  15.184  15.280  15.245  15.127  15.182  99.999  99.999  B0 V                            
1342                074.181793  -66.489861  13.909  14.728  14.826  14.963  15.015  15.009  14.917  14.838  14.642  14.748  99.999  B0 V                            
N11-086             074.182045  -66.476669  13.916  14.562  14.840  14.962  15.065  15.212  15.168  15.185  15.343  99.999  99.999  B1 V                                       
N11-121             074.185501  -66.500916  14.536  15.109  15.624  15.305  15.448  15.480  15.455  15.413  15.448  99.999  99.999  B1 Vn                           
1350                074.185623  -66.484970  14.429  15.218  15.442  15.653  15.705  15.841  15.955  15.853  15.978  99.999  99.999  B1: V:                          
3090                074.185913  -66.415779  12.522  14.311  13.303  13.764  14.541  14.627  14.729  14.764  14.810  99.999  99.999  B0: V                           
1357                074.187294  -66.470917  14.021  14.799  15.054  15.223  15.467  15.538  15.534  15.667  15.762  99.999  99.999  B0 V                            
N11-105             074.193207  -66.454636  13.981  14.779  14.970  15.084  15.261  15.253  15.441  15.430  15.438  99.999  99.999  B1 V                            
Sk -65 2            074.214706  -65.519005  11.890  12.507  12.653  13.001  13.160  13.200  13.287  13.188  13.190  13.155  13.130  B1 V                            
1454                074.221291  -66.463882  13.299  14.064  14.306  14.419  14.578  14.620  14.736  14.777  14.795  14.850  99.999  B0.5 V                                   
N11-083             074.250999  -66.537857  13.773  14.564  14.734  14.861  14.919  14.973  15.040  15.055  15.106  99.999  99.999  B0.5 V                                          
N11-100             074.338371  -66.417000  99.999  14.783  15.011  15.075  15.185  15.321  15.271  15.231  15.225  99.999  99.999  B0.5 V                          
N11-117             074.435249  -66.399772  14.342  15.073  15.224  15.387  15.546  15.549  15.776  15.618  15.719  99.999  99.999  B1 Vn                           
BI 66               076.256500  -67.174385  12.939  14.291  13.959  13.883  13.869  13.774  13.628  13.272  13.043  12.814  12.581  B1 V                            
LH31-1008           077.501289  -68.896133  12.776  13.815  13.896  14.317  14.423  14.524  14.530  14.528  14.586  13.528  99.999  B0 V                            
BI 92               077.672920  -66.756165  13.722  14.524  14.478  14.432  14.467  14.364  14.113  13.980  13.648  13.458  12.991  B3 V                            
BI 98               078.126663  -67.453995  13.160  13.944  14.050  14.023  14.388  14.379  14.513  14.587  14.677  14.712  99.999  B1: V                           
BI 105              078.299499  -69.372391  13.510  14.423  14.459  14.681  14.975  15.069  15.056  15.088  15.154  99.999  99.999  B0.5 V                                             
BI 121              079.216164  -69.191475  13.206  13.971  14.191  14.292  14.319  14.322  14.277  13.894  13.704  13.594  13.392  B1 V                            
LH41-20             079.595459  -69.236999  13.180  14.006  14.030  14.153  14.499  14.640  14.638  14.669  14.595  99.999  99.999  B0.5: V:                        
LH41-29             079.749084  -69.226112  12.913  13.775  13.985  14.115  14.514  14.642  14.774  14.704  14.663  99.999  99.999  B0 V                            
LH47-32             080.442001  -67.922775  15.173  16.023  16.166  16.383  16.523  16.660  99.999  16.872  16.710  99.999  99.999  B0 V                            
LH47-116            080.480461  -67.936363  13.407  14.659  14.727  14.757  15.530  15.559  15.687  15.471  15.604  99.999  99.999  B0 V                            
LH47-217            080.509705  -67.927109  13.292  14.041  14.245  14.427  14.925  14.970  15.071  14.746  14.677  99.999  99.999  B0 V                            
Sk -69 119          080.995163  -69.876587  12.393  12.972  13.292  13.244  13.463  13.531  13.585  13.707  13.636  13.658  13.623  B0.5 V                                            
LH58-174            081.620415  -68.852112  13.882  14.581  14.789  15.030  15.073  15.115  15.086  15.331  15.295  99.999  99.999  B0.5 V                          
LH58-356            081.654335  -68.781143  13.578  14.560  14.643  14.914  15.132  15.244  15.205  15.185  15.311  14.794  99.999  B1 V:                           
LH58-393            081.663292  -68.826584  14.040  15.107  15.290  15.537  15.804  15.879  16.016  15.979  16.022  99.999  99.999  B0-2 V                          
LH58-407            081.665794  -68.838554  13.666  14.520  14.604  14.783  14.887  14.874  14.901  14.996  14.928  14.972  99.999  B1 V:                           
LH58-438            081.671585  -68.819023  14.427  15.468  15.507  15.881  16.190  16.212  16.297  16.174  99.999  99.999  99.999  B0.5 V:                         
LH58-473            081.677956  -68.819527  11.853  12.934  13.106  13.262  13.563  13.596  13.697  13.666  13.669  13.869  99.999  B0-1 V:                         
LH58-601            081.702461  -68.803505  13.578  14.633  14.728  15.054  15.328  15.361  15.500  15.718  15.733  99.999  99.999  B1 V:                           
LH58-700            081.723000  -68.773865  13.899  14.907  14.992  15.216  15.394  15.517  15.539  15.646  15.457  99.999  99.999  B0.5 V                          
LH58-718            081.727585  -68.814034  14.572  15.656  15.750  16.062  16.239  16.385  16.375  16.685  16.178  99.999  99.999  B0 V:                           
LH58-750            081.734459  -68.808006  14.260  15.291  15.435  15.698  15.906  16.013  99.999  15.979  16.078  99.999  99.999  B0 V:                           
LH58-828            081.758499  -68.772476  13.650  14.706  14.769  15.053  15.206  15.189  15.324  15.402  15.394  99.999  99.999  B2 V                            
lmc1-408            082.304542  -71.099640  14.937  15.726  15.892  16.116  16.358  16.500  16.548  16.646  16.501  99.999  99.999  B1 V                            
NGC2004-077         082.320579  -67.342728  14.131  14.942  15.074  15.395  15.549  15.746  15.541  15.696  15.857  99.999  99.999  B0.5 V                          
NGC2004-104         082.411499  -67.202110  14.559  15.222  15.315  15.581  15.717  15.795  15.934  15.879  15.920  99.999  99.999  B1.5 V                          
lmc1-1044           082.436706  -70.916336  12.798  13.609  13.826  13.968  14.147  14.199  14.177  14.031  13.904  13.699  99.999  B0 V                            
lmc1-233            082.442169  -71.156143  13.119  13.765  13.782  99.999  13.662  13.658  13.654  13.579  13.584  13.764  99.999  B0 V                            
lmc1-246            082.446831  -71.150139  14.475  15.179  15.139  14.851  14.614  14.427  14.215  13.748  13.527  13.307  99.999  B1: V                                   
lmc1-548            082.465752  -71.068527  99.999  16.183  15.911  99.999  99.999  99.999  99.999  15.837  15.746  99.999  99.999  B1.5 V                          
lmc1-249            082.479538  -71.149666  14.121  14.901  14.983  15.068  15.141  15.182  15.300  15.055  15.035  99.999  99.999  B1 V                            
Sk -71 35           082.517456  -71.132309  12.009  12.894  12.811  13.038  99.999  13.224  13.202  12.837  12.740  12.686  99.999  B1.5 V                          
NGC2004-105         082.542503  -67.311752  14.591  15.288  15.368  15.608  15.758  15.838  15.970  15.933  15.920  99.999  99.999  B1.5 V                          
NGC2004-069         082.550629  -67.172134  14.203  14.891  15.111  15.316  15.533  15.647  15.771  15.741  15.831  99.999  99.999  B0.7 V                          
lmc1-402            082.581169  -71.101974  14.752  15.531  15.623  15.679  15.521  15.474  99.999  15.584  15.412  99.999  99.999  B0 V                            
NGC2004-082         082.584877  -67.348724  14.394  15.085  15.198  15.484  99.999  99.999  99.999  15.780  15.817  99.999  99.999  B1.5 V                          
lmc1-1052           082.592125  -70.910087  14.339  14.703  14.902  15.108  15.294  15.360  15.356  15.430  15.327  99.999  99.999  B0.5 V                          
NGC2004-066         082.615753  -67.289665  14.142  14.926  15.082  15.374  15.583  15.896  15.608  15.796  15.924  99.999  99.999  B1.5 Vn                                  
BI 184              082.627747  -71.042114  13.033  13.830  13.926  13.954  13.974  13.919  13.762  13.548  13.420  13.333  99.999  B0.5 V                          
lmc1-702            082.646706  -71.032478  14.037  14.870  14.930  14.809  14.782  14.663  14.524  14.097  13.885  13.801  13.347  B1 Ve                           
lmc1-715            082.652916  -71.028641  13.878  14.642  14.835  14.994  15.227  15.284  15.384  15.477  15.475  99.999  99.999  B0.5 V                          
NGC2004-053         082.682457  -67.256279  13.837  14.797  14.906  15.117  15.368  15.523  15.646  15.604  15.604  99.999  99.999  B0.2 Ve                         
NGC2004-095         082.746750  -67.258804  14.504  15.166  15.304  15.530  15.581  15.810  15.827  15.725  15.786  99.999  99.999  B1.5 V                          
NGC2004-087         082.755295  -67.335754  14.396  15.057  15.171  15.411  15.475  15.682  15.631  15.632  15.604  99.999  99.999  B1.5 V                          
lmc1-226            082.797165  -71.158142  14.427  15.136  15.318  15.528  99.999  99.999  99.999  15.862  15.856  99.999  99.999  B1 V                                       
NGC2004-038         082.842247  -67.294197  13.590  14.369  14.556  14.793  14.980  15.104  15.239  15.148  15.106  99.999  99.999  B0.7 V                          
lmc1-1027           082.851707  -70.934753  14.222  14.811  15.000  15.191  15.364  15.482  15.418  15.545  15.626  99.999  99.999  B1 V                            
lmc1-1015           082.892212  -70.940445  13.657  14.266  14.437  14.574  14.791  14.925  15.029  14.988  14.998  15.109  99.999  B1 V                            
lmc1-938            082.921127  -70.961578  14.265  14.866  15.060  15.236  15.495  15.610  15.608  15.611  15.765  99.999  99.999  B1 V                            
lmc1-930            082.957878  -70.964775  13.067  13.742  13.906  14.145  13.966  13.782  13.837  14.658  14.723  14.362  13.411  B0.5 V                                       
LH72-L49            083.054169  -66.417496  13.267  14.042  14.202  14.309  14.361  14.411  14.456  14.405  14.324  99.999  99.999  B0.2 V                          
LH72-L22            083.075417  -66.479774  12.862  13.638  13.908  14.111  14.251  14.035  14.320  14.518  14.499  14.449  12.994  B0 V                            
BI 216              083.713455  -66.929108  14.003  14.652  14.872  15.156  15.242  15.477  15.537  15.545  15.583  99.999  99.999  B0.5 V                                               
Sk -68 124          083.869919  -68.639305  12.791  13.634  13.757  13.738  13.789  13.785  13.814  13.790  13.803  13.801  13.572  B0.5 V                          
[ST92]3-1           083.882294  -68.997551  14.504  15.135  15.073  15.027  14.979  14.938  15.060  15.063  15.048  99.999  99.999  B1 V                            
[ST92]3-2           083.888748  -68.990303  16.625  17.144  16.995  16.720  99.999  99.999  99.999  16.347  16.357  99.999  99.999  B2 V                            
LH89-26             083.889916  -68.976280  14.105  14.738  14.733  14.613  14.670  14.708  14.703  14.719  14.633  14.662  99.999  B0 V                            
[ST92]3-5           083.894081  -68.980499  16.891  17.448  17.231  17.082  16.870  16.665  99.999  16.753  16.764  99.999  99.999  B3 V                            
[ST92]3-10          083.909126  -69.000557  15.048  15.656  15.614  15.515  15.451  15.449  15.348  15.545  15.438  99.999  99.999  B0.5 V                          
[ST92]3-11          083.915497  -68.988914  15.705  16.315  16.262  16.324  16.164  16.125  15.898  16.271  16.065  99.999  99.999  B2 V                            
[ST92]3-13          083.917580  -68.976250  99.999  99.999  99.999  99.999  15.357  14.603  14.376  14.181  14.419  14.316  99.999  B0.5 V                          
[ST92]3-14          083.919372  -68.975387  15.406  15.835  16.413  15.349  15.238  15.014  14.798  14.350  14.164  14.085  99.999  B1 V                            
[ST92]3-15          083.920959  -69.000832  15.217  15.883  15.870  15.948  16.127  15.823  16.111  16.230  16.328  99.999  99.999  B1 V                            
[ST92]3-17          083.922584  -68.991081  16.410  17.027  16.909  16.636  16.284  15.863  15.549  15.501  15.615  99.999  99.999  B1 V                            
[ST92]3-18          083.924873  -68.994552  15.135  15.775  15.678  15.639  15.609  15.612  15.938  15.591  15.563  99.999  99.999  B1 V                                              
Sk -67 216          083.931664  -66.997360  11.865  12.541  12.808  13.137  13.139  13.212  13.280  13.218  13.181  13.247  13.212  B0.5 V0                         
[ST92]3-21          083.935837  -68.995415  15.898  16.580  16.460  16.457  16.409  16.350  99.999  16.408  99.999  99.999  99.999  B2 V                            
[ST92]2-23          083.939789  -69.188141  15.487  16.108  15.999  15.809  15.666  15.680  15.589  15.696  15.690  99.999  99.999  B0.5 V                          
[ST92]2-25          083.943665  -69.212357  15.185  15.885  15.910  15.629  15.532  15.403  15.346  15.275  15.466  99.999  99.999  B0 V                            
[ST92]3-23          083.944168  -68.993248  15.160  15.900  15.807  15.702  15.660  15.678  15.674  15.625  15.698  99.999  99.999  B0.5 V                          
[ST92]3-25          083.947456  -68.972832  14.998  15.657  15.573  15.511  15.429  15.498  15.281  15.331  15.319  99.999  99.999  B0.5 V                          
W27-13              083.962082  -68.984749  13.729  14.617  14.909  14.498  14.719  14.785  14.703  14.701  14.681  99.999  99.999  B0.5 V                          
[ST92]3-38          083.969627  -68.997551  16.184  16.576  16.490  16.283  16.191  16.104  16.121  16.048  16.039  99.999  99.999  B1 V                            
[ST92]2-31          083.977417  -69.197220  15.694  16.307  16.054  15.647  99.999  99.999  99.999  15.300  15.225  99.999  99.999  B1 V                            
[ST92]3-40          083.977707  -68.989830  17.913  18.265  18.220  18.089  99.999  99.999  99.999  17.662  99.999  99.999  99.999  B2 V                            
[ST92]3-51          083.999420  -68.989136  16.567  17.108  17.094  17.043  99.999  99.999  99.999  16.967  17.186  99.999  99.999  B2 V                            
[ST92]3-52          084.000748  -68.974976  21.251  19.927  18.465  16.739  15.230  14.556  14.323  14.209  14.219  14.034  99.999  B1 V                            
[ST92]3-56          084.009544  -68.964302  15.355  15.983  15.955  15.957  15.912  15.930  15.823  15.748  15.864  99.999  99.999  B2 V                            
ST2-47              084.009834  -69.199669  14.657  15.849  15.375  15.313  99.999  15.263  15.215  15.241  15.403  99.999  99.999  B0.5 V                          
W27-28              084.010208  -68.992554  13.488  14.214  14.165  14.208  14.216  14.249  99.999  14.226  14.219  14.291  99.999  B0.2 V                          
[ST92]3-58          084.011253  -68.976944  14.788  15.549  15.440  15.535  15.580  15.599  15.543  15.558  15.641  99.999  99.999  B0.5 V                          
[ST92]3-59          084.015747  -68.987579  16.971  17.594  17.417  17.430  99.999  99.999  99.999  17.246  17.195  99.999  99.999  B1 V                            
[ST92]3-61          084.026337  -68.996109  16.954  17.490  17.333  17.127  99.999  99.999  99.999  16.408  16.461  99.999  99.999  B2 V                            
BI 243              084.155914  -66.458221  13.239  14.018  14.277  14.498  14.665  14.798  14.879  15.153  14.821  14.490  99.999  B0.5 V                          
Sk -68 132          084.219254  -68.369224  12.811  13.799  13.939  14.169  14.302  14.362  14.413  14.394  14.391  14.271  99.999  B0 V                            
[ST92]1-22          084.395920  -69.161415  16.016  16.729  16.635  16.552  16.335  16.138  99.999  16.245  99.999  99.999  99.999  B0.5 V                          
[ST92]1-23          084.398956  -69.135414  15.739  16.528  16.297  15.927  15.628  15.466  15.489  15.231  15.175  99.999  99.999  B0 V                            
[ST92]1-27          084.406334  -69.139023  15.424  16.202  16.068  15.692  15.415  15.257  15.127  14.992  14.884  99.999  99.999  B0 V                            
[ST92]1-33          084.413292  -69.144691  16.025  16.832  16.528  15.907  15.549  15.264  14.968  14.842  14.695  99.999  99.999  B1 V                            
[ST92]1-36          084.417374  -69.168610  14.917  15.649  15.526  15.376  15.220  15.346  15.301  15.646  99.999  99.999  99.999  B0 V                            
[ST92]1-39          084.420540  -69.145637  16.052  16.829  16.633  16.491  16.261  16.175  99.999  15.419  99.999  99.999  99.999  B0 V                            
[ST92]1-41          084.421371  -69.177162  14.871  15.761  15.368  15.383  99.999  99.999  99.999  14.666  14.795  99.999  99.999  B0 V                            
[ST92]1-42          084.422707  -69.155304  15.904  16.542  16.534  16.165  15.935  15.879  15.814  15.646  15.352  99.999  99.999  B0.5 V                          
[ST92]1-43          084.424873  -69.142609  14.195  14.985  14.917  14.749  14.488  14.415  14.403  14.441  14.394  99.999  99.999  B0.5 V                          
[ST92]1-46          084.427460  -69.155251  16.253  16.778  16.634  16.375  16.250  16.378  16.074  15.923  16.052  99.999  99.999  B1 V                            
[ST92]1-57          084.439629  -69.166527  14.826  16.062  15.962  15.915  15.676  15.659  15.672  15.618  99.999  99.999  99.999  B2 V                            
[ST92]1-73          084.459999  -69.148445  15.945  16.541  16.499  15.698  15.442  15.225  15.101  15.092  15.189  14.383  99.999  B0 V                            
[ST92]1-89          084.478996  -69.170136  14.265  14.944  14.634  14.599  14.434  14.242  13.979  13.679  13.573  13.465  99.999  B1 V                            
[ST92]1-95          084.491211  -69.146858  14.469  15.276  15.288  15.310  15.311  15.205  15.343  15.358  15.080  99.999  99.999  B1 V                            
[ST92]1-96          084.491379  -69.165031  14.442  15.385  15.182  15.422  15.375  15.408  15.230  14.865  14.546  99.999  99.999  B2 V                            
Parker9021          084.674469  -69.033073  14.912  15.675  15.759  15.943  16.167  16.130  15.949  16.211  16.121  99.999  99.999  B0: V                           
Parker9028          084.684433  -69.007667  15.650  16.602  16.051  16.202  16.124  16.200  15.980  15.989  99.999  99.999  99.999  B1:: V                          
[ST92]5-79          084.701248  -69.474365  99.999  99.999  99.999  99.999  99.999  99.999  99.999  15.820  15.720  99.999  99.999  B1 V                            
Parker1875          084.749786  -69.095001  14.987  15.559  14.835  14.758  14.838  14.738  14.746  14.886  99.999  99.999  99.999  B0:: V:                         
Parker9045          084.765106  -69.005272  14.607  15.394  15.510  15.468  15.517  15.486  15.517  15.347  15.420  14.945  99.999  B1.5 V                          
Parker2022          084.781815  -69.106934  14.568  15.288  15.132  14.794  14.942  14.862  14.818  14.701  14.599  99.999  99.999  B0.5: V                         
Parker2104          084.822494  -69.102737  15.087  15.721  15.603  15.338  15.134  15.029  15.197  14.862  14.785  99.999  99.999  B0.5: V                         
LH104-4-6           084.934540  -69.393333  14.793  15.558  15.564  15.598  99.999  15.635  99.999  15.820  15.799  99.999  99.999  B2 V                            
Parker2313          084.939987  -69.073914  14.780  15.474  15.387  15.376  15.332  15.234  15.090  14.638  14.380  14.281  99.999  B0.5: V                         
LH104-4-19          084.965294  -69.403610  99.999  99.999  99.999  99.999  99.999  99.999  15.979  16.270  16.393  99.999  99.999  B1 V                            
LH104-4-39          085.010330  -69.393890  14.522  15.215  15.426  15.580  15.780  15.801  15.895  15.905  15.927  99.999  99.999  B0 V                            
[ST92]4-43          085.016541  -69.393944  14.906  15.558  15.723  15.778  15.755  15.933  99.999  15.942  15.857  99.999  99.999  B2 V                            
LH104-4-49          085.033211  -69.393890  17.024  17.651  17.443  17.782  99.999  99.999  99.999  17.666  16.860  99.999  99.999  B2 V                            
lmc2-8              085.372917  -68.164894  15.170  15.989  16.063  16.164  16.296  16.306  99.999  15.598  15.553  99.999  99.999  B0.5 Ve:                        
lmc2-747            085.778122  -67.832359  14.421  15.292  15.423  15.766  99.999  99.999  99.999  16.133  16.124  99.999  99.999  B1 V                            
lmc2-627            085.792625  -67.872948  14.452  15.351  15.540  15.855  15.946  16.175  99.999  16.215  16.218  99.999  99.999  B1.5: V                         
lmc2-716            085.796539  -67.844696  14.924  15.774  15.482  16.405  16.088  16.081  15.976  16.357  16.361  99.999  99.999  B0 V                            
lmc2-702            085.801331  -67.848229  14.485  15.329  15.517  15.823  15.920  15.955  99.999  16.121  16.232  99.999  99.999  B0 V                            
lmc2-696            085.825920  -67.850082  14.042  15.113  16.746  15.264  99.999  99.999  99.999  15.584  15.594  99.999  99.999  B1 V                            
lmc2-759            085.836044  -67.829140  14.074  14.830  14.987  15.187  15.209  15.215  15.132  14.689  14.429  14.161  99.999  B0.5 V                          
lmc2-733            085.849709  -67.839363  14.345  15.287  15.483  15.846  16.094  16.071  16.024  16.270  16.389  99.999  99.999  B0 V                            
lmc2-724            085.853081  -67.842056  13.393  14.288  14.490  14.828  14.954  15.063  15.131  15.231  15.271  99.999  99.999  B0 V                            
lmc2-718            085.896126  -67.844749  13.993  15.223  15.091  15.145  15.288  15.281  15.179  15.140  14.992  15.224  99.999  B0.5 V                                                
lmc2-341            086.053291  -67.987053  13.820  14.735  14.887  15.201  15.324  15.419  15.396  14.668  14.401  14.188  99.999  B0.5 V                          
lmc2-486            086.194626  -67.924439  14.524  15.268  15.372  15.641  15.730  15.810  15.444  15.618  15.513  99.999  99.999  B1 V                            
Sk -67 270          086.794540  -67.981918  12.913  13.339  13.517  13.841  14.136  14.217  14.261  14.300  14.264  14.362  99.999  B0.5 V                          