3.60e-07 0.88 0.10
3.71e-07 0.97 0.10
3.83e-07 1.05 0.12
3.95e-07 1.12 0.15
4.08e-07 1.17 0.17
4.21e-07 1.22 0.18
4.34e-07 1.25 0.19
4.48e-07 1.27 0.18
4.62e-07 1.28 0.17
4.77e-07 1.29 0.16
4.92e-07 1.28 0.14
5.07e-07 1.27 0.12
5.23e-07 1.26 0.11
5.40e-07 1.24 0.11
5.57e-07 1.22 0.12
5.75e-07 1.21 0.13
5.93e-07 1.20 0.14
6.11e-07 1.19 0.14
6.31e-07 1.19 0.14
6.51e-07 1.19 0.14
6.71e-07 1.19 0.13
6.93e-07 1.19 0.13
7.15e-07 1.20 0.12
7.37e-07 1.21 0.12
7.60e-07 1.21 0.12
7.85e-07 1.22 0.13
8.09e-07 1.22 0.14
8.35e-07 1.22 0.15
8.61e-07 1.22 0.15
8.89e-07 1.21 0.16
9.17e-07 1.20 0.16
9.46e-07 1.19 0.15
9.76e-07 1.17 0.15
1.01e-06 1.15 0.14
1.04e-06 1.13 0.14
1.07e-06 1.11 0.13
1.11e-06 1.09 0.13
1.14e-06 1.06 0.13
1.18e-06 1.04 0.13
1.21e-06 1.01 0.13
1.25e-06 0.99 0.13
1.29e-06 0.97 0.13
1.33e-06 0.95 0.13
1.37e-06 0.93 0.12
1.42e-06 0.92 0.12
1.46e-06 0.90 0.11
1.51e-06 0.89 0.11
1.56e-06 0.88 0.12
1.61e-06 0.87 0.13
1.66e-06 0.86 0.13
1.71e-06 0.85 0.13
1.76e-06 0.84 0.13
1.82e-06 0.83 0.12
1.88e-06 0.81 0.11
1.94e-06 0.80 0.09
2.00e-06 0.79 0.08
2.06e-06 0.78 0.06
2.13e-06 0.77 0.06
2.19e-06 0.75 0.07
2.26e-06 0.74 0.08
2.34e-06 0.73 0.09
2.41e-06 0.73 0.10
2.49e-06 0.72 0.11
2.56e-06 0.71 0.12
2.64e-06 0.71 0.12
2.73e-06 0.70 0.13
2.82e-06 0.70 0.13
2.90e-06 0.70 0.13
3.00e-06 0.69 0.13
3.09e-06 0.69 0.13
3.19e-06 0.69 0.13
3.29e-06 0.69 0.14
3.39e-06 0.69 0.14
3.50e-06 0.70 0.14
3.61e-06 0.70 0.13
3.73e-06 0.70 0.12
3.84e-06 0.70 0.11
3.97e-06 0.70 0.11
4.09e-06 0.70 0.11
4.22e-06 0.70 0.11
4.35e-06 0.71 0.12
4.49e-06 0.71 0.13
4.63e-06 0.72 0.14
4.78e-06 0.73 0.14
4.93e-06 0.74 0.13
5.09e-06 0.75 0.13
5.25e-06 0.77 0.12
5.42e-06 0.79 0.11
5.59e-06 0.81 0.12
5.76e-06 0.84 0.14
5.95e-06 0.87 0.17
6.14e-06 0.91 0.20
6.33e-06 0.95 0.23
6.53e-06 1.00 0.26
6.74e-06 1.06 0.27
6.95e-06 1.12 0.28
7.17e-06 1.19 0.26
7.40e-06 1.27 0.22
7.63e-06 1.36 0.16
7.87e-06 1.46 0.13
