Name                  RAJ2000     DEJ2000    Umag    Bmag    Vmag    Imag    Jmag    Hmag    Ksmag   [3.6]   [4.5]   [5.8]   [8.0]  Class                           
                        deg         deg       mag     mag     mag     mag     mag     mag     mag     mag     mag     mag     mag                                   
146548              082.540291  -69.184418  17.607  15.766  13.759   9.811   9.839   8.942   8.641   8.388   8.596   8.370   8.258  K7-M0 I 
149721              082.764580  -69.094444  16.303  14.624  12.766  99.999   9.621   8.787   8.582   8.345   8.522   8.396   8.332  K5-7 I                          
150577              082.827331  -69.157837  16.096  14.949  13.545  99.999   9.778   8.954   8.628   8.370   8.489   8.331   8.225  K5-7 I 
159974              083.589539  -69.366608  16.263  14.544  12.776  11.034   9.912   9.113   8.891   8.768   8.728   8.620   8.518  K2-5 I   
168047              084.336044  -69.327278  16.379  14.064  12.526  10.679   9.418   8.541   8.278   8.058   8.193   7.944   7.655  K2-7 I                          
168469              084.377914  -69.042557  17.926  15.695  13.734  99.999   9.928   9.057   8.721   8.460   8.547   8.347   8.118  K5-7 I
174742              085.105751  -69.258392  14.593  14.184  12.556  11.162   9.774   9.073   8.783   8.442   8.360   8.096   7.675  K7-M0 I        
140006              082.000504  -69.128418  15.453  14.814  13.106  99.999   9.988   9.286   8.995   8.611   8.629   8.364   7.934  M2-3 I                          
140296              082.025459  -69.120422  17.599  15.739  14.115  99.999   9.416   8.578   8.149   7.555   7.535   7.256   6.793  M1-2 I                          
140403              082.034081  -69.219666  16.723  15.074  13.066  99.999   9.185   8.360   8.001   7.741   7.682   7.445   6.944  M3-5 I  
141568              082.131790  -69.092003  16.883  15.304  13.286  99.999   9.290   8.396   8.049   7.775   7.938   7.658   7.340  M2-3 I     
142202              082.189957  -68.967308  14.573  13.854  12.206  99.999   8.710   7.941   7.549   7.312   7.468   7.197   6.857  M0-1 I     
143898              082.339539  -69.005638  11.853  12.564  12.016  99.999   8.833   8.033   7.746   7.312   7.400   7.057   6.549  M1-2 I  
064706              076.225540  -70.555252  14.833  14.474  12.846  99.999  99.999  99.999  99.999   8.218   8.391   8.221   8.100  M0-1 I 
148409              082.675415  -69.089783  16.413  15.184  13.376  99.999   9.889   9.079   8.756   8.470   8.633   8.351   8.048  M0-1 I 
150396              082.814919  -69.066337  16.343  15.124  13.316   9.840   9.394   8.524   8.219   7.953   8.043   7.755   7.253  M1-2 I 
154729              083.147667  -69.131088  17.458  14.977  13.562   9.701   9.466   8.575   8.263   7.965   8.043   7.803   7.540  M1-2 I  
158646              083.467751  -69.187004  17.580  16.214  13.807   9.425   9.220   8.356   7.899   7.436   7.378   7.069   6.592  M3-4 I                          
160518              083.641251  -69.250641  16.433  15.044  13.156  99.999   9.465   8.580   8.278   8.014   8.219   7.995   7.721  M1-2 I  
169142              084.438126  -69.346726  13.043  13.074  12.166  10.520   8.961   8.177   7.715   7.207   7.026   6.661   6.058  M3-4 I 
174714              085.101997  -69.354607  15.753  15.164  13.186  10.423   9.140   8.259   7.854   7.515   7.554   7.219   6.733  M4-5 I
175188              085.182503  -69.366051  17.639  15.294  13.576  10.494   8.819   7.909   7.445   7.056   7.042   6.674   6.132  M2-3 I                          
175464              085.230667  -69.390274  17.013  15.154  12.956  10.480   8.827   7.873   7.544   7.280   7.395   7.128   6.847  M2-3 I                          
175549              085.246872  -69.310059  16.925  15.524  13.296  10.824  99.999  99.999  99.999  99.999  99.999  99.999  99.999  M2-3 I 
[SP77]54-44         085.389580  -69.794724  16.963  14.766  12.900  10.710   9.325   8.453   8.182   7.858   8.013   7.776   7.495  M1 Ia-Iab  
[SP77]54-56         085.794167  -69.748886  17.054  15.237  13.140  10.898   9.537   8.685   8.351   8.078   8.289   8.069   7.828  M0 Ia-Iab                       
[SP77]55-20         086.244164  -66.798607  16.231  14.606  13.114  99.999  10.439   9.670   9.463   9.365   9.503   9.405   9.366  M2 Ia-Iab  