3.60e-07 0.11 0.25
3.71e-07 0.12 0.21
3.83e-07 0.13 0.20
3.95e-07 0.14 0.22
4.08e-07 0.15 0.23
4.21e-07 0.16 0.25
4.34e-07 0.16 0.25
4.48e-07 0.17 0.24
4.62e-07 0.17 0.23
4.77e-07 0.18 0.22
4.92e-07 0.18 0.20
5.07e-07 0.19 0.20
5.23e-07 0.19 0.21
5.40e-07 0.20 0.23
5.57e-07 0.22 0.25
5.75e-07 0.23 0.27
5.93e-07 0.26 0.28
6.11e-07 0.28 0.29
6.31e-07 0.31 0.28
6.51e-07 0.35 0.27
6.71e-07 0.38 0.26
6.93e-07 0.42 0.24
7.15e-07 0.46 0.23
7.37e-07 0.51 0.23
7.60e-07 0.55 0.23
7.85e-07 0.59 0.25
8.09e-07 0.63 0.27
8.35e-07 0.67 0.28
8.61e-07 0.70 0.30
8.89e-07 0.73 0.30
9.17e-07 0.76 0.30
9.46e-07 0.79 0.30
9.76e-07 0.81 0.29
1.01e-06 0.83 0.28
1.04e-06 0.85 0.27
1.07e-06 0.88 0.26
1.11e-06 0.90 0.25
1.14e-06 0.92 0.25
1.18e-06 0.95 0.25
1.21e-06 0.98 0.25
1.25e-06 1.02 0.25
1.29e-06 1.06 0.25
1.33e-06 1.11 0.24
1.37e-06 1.16 0.23
1.42e-06 1.22 0.22
1.46e-06 1.28 0.22
1.51e-06 1.34 0.22
1.56e-06 1.40 0.23
1.61e-06 1.46 0.25
1.66e-06 1.51 0.26
1.71e-06 1.55 0.26
1.76e-06 1.58 0.26
1.82e-06 1.60 0.26
1.88e-06 1.62 0.25
1.94e-06 1.62 0.25
2.00e-06 1.62 0.27
2.06e-06 1.61 0.30
2.13e-06 1.60 0.33
2.19e-06 1.59 0.37
2.26e-06 1.58 0.40
2.34e-06 1.57 0.43
2.41e-06 1.56 0.45
2.49e-06 1.55 0.46
2.56e-06 1.53 0.46
2.64e-06 1.52 0.45
2.73e-06 1.51 0.44
2.82e-06 1.50 0.42
2.90e-06 1.49 0.40
3.00e-06 1.47 0.37
3.09e-06 1.45 0.35
3.19e-06 1.43 0.34
3.29e-06 1.41 0.33
3.39e-06 1.38 0.32
3.50e-06 1.35 0.31
3.61e-06 1.31 0.30
3.73e-06 1.26 0.28
3.84e-06 1.21 0.26
3.97e-06 1.16 0.23
4.09e-06 1.10 0.20
4.22e-06 1.05 0.18
4.35e-06 1.00 0.18
4.49e-06 0.96 0.20
4.63e-06 0.92 0.21
4.78e-06 0.90 0.21
4.93e-06 0.88 0.21
5.09e-06 0.88 0.20
5.25e-06 0.88 0.19
5.42e-06 0.89 0.19
5.59e-06 0.91 0.20
5.76e-06 0.94 0.23
5.95e-06 0.97 0.27
6.14e-06 1.00 0.32
6.33e-06 1.03 0.38
6.53e-06 1.06 0.42
6.74e-06 1.08 0.45
6.95e-06 1.09 0.46
7.17e-06 1.09 0.43
7.40e-06 1.06 0.36
7.63e-06 1.00 0.26
7.87e-06 0.92 0.21
