Name                  RAJ2000     DEJ2000    Umag    Bmag    Vmag    Imag    Jmag    Hmag    Ksmag   [3.6]   [4.5]   [5.8]   [8.0]  Class                           
                        deg         deg       mag     mag     mag     mag     mag     mag     mag     mag     mag     mag     mag                                   

N11-019             074.048836  -66.533089  12.121  12.961  13.208  13.441  13.498  13.540  13.551  13.579  13.623  13.644  99.999  O8-9 V-III((f)) Binary (SB2)    
N11-049             074.123291  -66.472359  12.994  13.821  14.035  14.247  14.394  14.506  14.589  14.568  14.570  14.669  99.999  O7.5 V Binary (SB1)                        
N11-059             074.129250  -66.477997  13.188  14.012  14.194  14.443  14.596  14.672  14.660  14.728  14.718  14.608  99.999  O9 V Binary (SB1)
N11-013             074.253586  -66.406891  11.998  12.768  12.896  12.663  13.080  13.143  13.175  13.188  13.205  13.251  99.999  O8 V Binary (SB2)               
N11-091             074.255501  -66.336945  13.941  14.759  14.747  14.858  14.929  14.895  14.835  14.838  14.663  99.999  99.999  O9 V Binary 
N11-071             074.350792  -66.433334  13.642  14.466  14.618  14.725  14.886  14.935  14.965  15.127  15.106  99.999  99.999  O8: V Binary (SB2)
N11-063             074.418877  -66.456970  13.139  14.040  14.118  14.183  14.474  14.461  14.464  14.355  14.367  13.270  99.999  O9: Vn Binary (SB2)
N11-046             074.185913  -66.572357  12.874  13.850  13.856  14.109  14.283  14.340  14.418  14.383  14.377  99.999  99.999  O9.5 V Binary     
HV2543              081.864128  -67.198471  11.913  13.014  13.206  13.055  13.840  13.902  13.941  13.296  13.267  13.279  13.289  O9 III-II + O8 V:  
MACHO1.4539.37      077.117081  -68.807228  13.209  14.386  14.323  14.814  14.790  14.968  15.032  14.973  14.917  14.818  99.999  O8.5 V + O9 V 
MACHO78.6097.13     079.519585  -69.805282  13.566  14.658  14.698  14.901  14.862  14.842  14.885  14.889  14.922  99.999  99.999  O9 V + O9 V   
N11-011             073.981247  -66.472305  11.920  12.738  12.938  12.945  13.172  13.264  13.263  13.225  13.213  13.268  13.293  OC9.5 II Binary (SB1)
N11-035             074.369583  -66.517334  13.025  13.732  13.755  13.516  13.371  13.319  13.351  13.160  13.166  13.048  99.999  O9 II(f) Binary (SB1)    
N11-020             074.209663  -66.517670  12.177  13.019  13.178  13.198  13.239  13.201  13.201  13.181  13.094  13.005  13.054  O5 I(n)fp Binary                
N11-041             074.218002  -66.547912  12.881  13.742  13.896  13.953  14.034  14.078  14.086  14.045  14.003  14.026  99.999  O6.5 Iaf Binary 
HV2543              081.864128  -67.198471  11.913  13.014  13.206  13.055  13.840  13.902  13.941  13.296  13.267  13.279  13.289  O9 III-II + O8 V:   
MACHO81.8763.8      083.672081  -69.527504  12.739  13.672  14.050  13.966  13.855  13.900  13.916  13.888  13.813  13.568  99.999  O3 If* + O6:V 
Sk -71 51           085.415123  -71.332306  11.621  12.467  12.390  12.778  13.040  13.146  13.104  13.139  13.063  12.928  12.794  O2 V((f*))+OB
LH10-3209           074.245834  -66.410561  11.374  11.935  11.859  11.281  12.404  12.498  12.422  12.496  12.395  12.241  99.999  O2-3 III(f*) + OB               
N11-043             074.254417  -66.474945  12.927  13.754  14.015  14.149  14.375  14.462  14.431  14.525  14.558  14.526  99.999  O7 III + B0: Binary (SB2)  
Sk -69 59           075.802917  -69.026947  11.218  11.812  12.166  12.443  12.332  12.344  12.388  12.396  12.373  12.310  12.213  O(f) +B1 I?  
Sk -70 91           081.889877  -70.613304  11.369  12.436  12.611  12.937  99.999  13.266  13.349  13.414  13.442  13.458  13.532  O2 III(f*)+OB             
NGC2004-049         082.525795  -67.242470  13.745  14.669  14.782  15.052  15.210  15.388  15.383  15.471  15.438  99.999  99.999  O2-3 III(f) + OB Binary (SB2)  
Sk -66 172          084.272461  -66.359749  99.999  99.999  99.999  99.999  13.646  13.658  13.672  13.748  13.735  13.755  99.999  O2 III(f*)+OB  
BAT99-14            074.736336  -68.803055  99.999  99.999  99.999  99.999  99.999  99.999  99.999  99.999  12.748  12.529  12.359  WN4o(+OB)        
BAT99-19            077.418419  -68.890221  12.773  13.594  13.746  13.697  13.304  13.152  12.901  12.404  11.929  11.841  11.467  WN4b+O5: SB EB
BAT99-27            079.580040  -69.194641  10.375  11.156  11.207  11.412  11.344  11.348  11.301  11.121  10.993  10.949  10.818  WN5b(+B1Ia)                     
BAT99-29            080.186379  -65.472359  13.774  14.290  14.550  14.534  14.363  14.282  14.025  13.568  13.126  12.979  12.603  WN4b + OB SB  
BAT99-36            081.100792  -68.526558  13.593  14.427  14.367  14.574  14.269  14.161  13.890  13.498  12.985  12.815  12.359  WN4b/WCE+OB 
BAT99-42            081.688835  -68.831329  99.999  99.999  99.999  99.999   9.889   9.852   9.794   9.630   9.558   9.508   9.375  WN5b(h)(+B3I)                   
BAT99-43            081.906998  -70.601501  12.875  13.872  14.079  14.249  14.190  14.139  13.977  13.600  13.232  13.217  12.751  WN4o +OB SB   
BAT99-49            082.388374  -70.993027  12.472  13.320  13.483  13.743  99.999  99.999  99.999  13.869  13.749  13.685  13.506  WN4:b +O8V SB
BAT99-59            083.294044  -67.711967  12.093  13.054  13.186  12.828  13.079  13.013  12.890  12.609  12.357  12.233  11.934  WN4b + O8: SB?   
BAT99-64            083.747414  -69.735077  13.347  14.081  14.073  14.321  14.216  14.145  13.944  13.589  13.178  13.034  12.477  WN4o +O9: SB EB 
BAT99-71            083.934700  -68.993400  14.527  15.068  14.782  14.473  14.035  13.864  13.729  13.288  12.938  12.869  99.999  WN4 +O8: SB EB                  
BAT99-72            083.938000  -68.978900  14.632  15.532  15.376  15.533  15.237  15.120  15.040  14.647  14.279  14.478  99.999  WN4h +O3: SB?   
BAT99-92            084.454330  -69.085640  11.791   9.447  11.615  99.999  10.947  10.862  10.731  10.571  10.377  10.271  10.004  WN3:b (+O)+B1Ia       
BAT99-79            083.999500  -69.189300  13.143  13.784  13.486  12.060  12.175  11.983  11.740  11.205  10.888  10.741  10.373  WN7ha +OB        
BAT99-86            084.298000  -69.127100  15.959  16.427  16.301  15.936  15.432  15.233  14.826  14.469  14.050  99.999  99.999  WN3o +O9:  
BAT99-119           084.737793  -69.101585  99.999  99.999  99.999  99.999  11.239  11.094  10.866  10.448  10.126   9.991   9.692  WN6h +O 
BAT99-126           085.031456  -69.408859  12.043  13.014  13.166  13.205  13.119  13.093  12.940  12.601  12.209  12.108  11.724  WN4b+O8: SB??
BAT99-129           085.452100  -70.591800  13.570  14.522  14.701  14.834  14.660  14.552  14.496  14.278  13.904  13.737  13.408  WN3(h)a+O5V SB EB  
BAT99-10            074.144295  -66.473999  99.999  99.999  99.999  99.999  99.999  99.999  99.999  11.891  11.973  11.841  11.556  WC4(+O9.5II:)                   
BAT99-28            079.818085  -69.655556  11.193  11.754  12.213  11.953  12.286  12.270  12.011  11.827  11.508  11.406  11.010  WC4 +O5-6V-III(+O) SB2                                  
BAT99-38            081.516502  -67.499191  99.999  10.859  11.621  99.999  11.764  11.615  10.972   9.228   8.594   8.160   7.669  WC4 [+O8I:] SB1                 
BAT99-39            081.626083  -68.840973  99.999  10.355  10.704  99.999  12.747  12.807  12.718  12.685  12.422  12.302  12.029  WC4 +O6V-III(+O) SB2  
N11-119             073.956039  -66.434303  14.014  15.215  15.137  15.424  15.489  15.624  15.693  15.820  15.765  99.999  99.999  B1.5 V Binary (SB2)    
N11-124             074.077621  -66.476997  14.425  15.174  15.377  15.600  15.650  15.818  16.003  15.960  15.993  99.999  99.999  B0.5 V Binary (SB1)      
N11-118             074.184586  -66.384666  14.408  15.099  15.222  15.361  15.512  15.412  15.688  15.520  15.543  99.999  99.999  B1.5 V Binary (SB1)  
N11-062             074.230621  -66.550507  13.338  14.142  14.274  14.415  14.560  14.612  14.646  14.595  14.612  14.884  99.999  B0.2 V Binary (SB1)   
N11-067             074.263878  -66.502251  13.559  14.317  14.550  17.929  14.795  14.853  14.933  14.907  14.992  99.999  99.999  B0.5: Vn Binary                 
N11-064             074.297791  -66.371887  13.601  14.266  14.627  14.646  14.791  14.842  14.938  14.749  14.836  99.999  99.999  B0.2: Vn Binary     
MACHO6.5730.3092    078.922920  -70.077499  14.605  15.447  15.439  15.912  15.818  15.926  16.017  16.018  16.054  99.999  99.999  B1 V + B2 V  
MACHO80.7438.42     081.589996  -69.095833  15.233  15.826  16.028  15.785  15.855  15.551  15.508  15.477  15.563  99.999  99.999  B2 V + B2 V 
NGC2004-072         082.460419  -67.252891  14.348  14.944  15.100  15.382  15.597  15.630  15.648  15.639  15.673  99.999  99.999  B1.5 V Binary (SB1)      
NGC2004-074         082.620956  -67.381332  14.196  15.045  15.188  15.487  15.719  15.776  99.999  15.914  15.946  99.999  99.999  B0.7-B1 V Binary (SB1)  
NGC2004-118         082.821999  -67.311806  14.975  15.449  15.580  15.707  15.974  16.093  16.001  16.161  16.128  99.999  99.999  B1.5 V Binary (SB1)   
LH72-L39            083.041252  -66.435669  13.830  14.823  14.959  15.286  15.419  15.485  15.610  15.660  15.533  99.999  99.999  B0.5 V emission   
[ST92]3-20          083.930122  -68.982254  16.579  17.098  17.031  16.934  16.494  16.669  99.999  16.345  16.280  99.999  99.999  B2 V 2" pair  
N11-089             073.868042  -66.494888  14.288  14.819  14.867  14.860  14.765  14.774  14.748  14.692  14.695  99.999  99.999  B2 III Binary (SB1) 
N11-077             074.005669  -66.347557  13.902  14.584  14.696  14.807  14.841  14.866  14.979  14.984  15.048  99.999  99.999  B2 III Binary (SB1)  
N11-037             074.093041  -66.467941  12.899  13.665  13.764  13.730  13.787  13.804  13.838  13.816  13.801  13.865  99.999  B0 III Binary (SB1) 
N11-047             074.106163  -66.442558  12.918  13.794  13.976  14.157  14.321  14.468  14.469  14.513  14.530  14.712  99.999  B0 III Binary (SB1) 
N11-113             074.194664  -66.486496  14.119  14.964  15.123  15.347  15.486  15.612  15.647  15.653  15.689  99.999  99.999  B0.5 III Binary (SB2) Early B-  
N11-096             074.225334  -66.365639  14.033  14.760  14.909  15.085  15.245  15.361  15.348  15.459  15.466  99.999  99.999  B1.5 III Binary (SB2)           
N11-098             074.245705  -66.579529  14.100  14.796  14.888  15.072  15.151  15.257  15.322  15.185  15.161  99.999  99.999  B2 III Binary (SB1)   
N11-040             074.319664  -66.472969  13.000  13.737  13.960  13.987  13.978  14.040  14.028  13.989  13.987  13.782  99.999  B0: IIIn Binary?  
N11-094             074.321167  -66.506249  13.924  14.676  14.845  15.048  15.062  15.191  15.185  15.166  15.113  14.842  99.999  B1 III Binary (SB1)    
N11-075             074.341873  -66.322418  13.910  14.579  14.671  14.837  15.012  15.048  15.189  15.047  15.154  14.432  99.999  B2 III Binary?     
HV2274              075.669998  -68.405838  13.298  13.984  14.127  14.390  14.824  14.959  15.045  14.740  14.775  14.936  99.999  B1-2 IV-III + B1-2 IV-III
EROS1044            079.799080  -69.706772  14.404  15.396  15.135  15.699  15.577  15.695  99.999  15.674  15.741  99.999  99.999  B2 IV-V + B2 III-IV    
NGC2004-015         082.297752  -67.256775  12.253  13.164  13.306  13.648  13.753  13.803  13.895  13.894  13.830  13.879  13.838  B1.5 II Binary (SB1)   
NGC2004-030         082.545959  -67.382530  13.335  14.174  14.361  14.637  14.759  14.883  14.891  14.980  14.998  15.276  99.999  B0.2 Ib Binary (SB1)   
NGC2004-047         082.556419  -67.240913  13.875  14.518  14.722  15.048  14.971  15.020  15.022  15.295  15.126  99.999  99.999  B2 III Binary (SB1) 
NGC2004-076         082.586044  -67.144775  14.483  15.057  15.203  15.458  15.547  15.620  99.999  15.674  15.642  99.999  99.999  B2.5 III Binary (SB1)  
NGC2004-041         082.636002  -67.257194  13.897  14.535  14.680  14.860  14.908  14.982  15.217  15.175  15.225  99.999  99.999  B2.5 III Binary (SB1)  
NGC2004-031         082.661545  -67.339973  13.639  14.289  14.413  14.591  14.729  14.782  14.851  14.872  14.873  99.999  99.999  B2 II Binary (SB1)      
NGC2004-003         082.668335  -67.269173  99.999  99.999  99.999  99.999  12.117  12.117  12.163  11.996  11.984  12.032  11.996  B5 Ia binary?                   
NGC2004-079         082.669792  -67.195526  14.483  15.059  15.162  15.426  99.999  99.999  99.999  15.660  15.851  99.999  99.999  B2 III Binary (SB1)
NGC2004-059         082.691330  -67.306778  14.094  14.839  15.013  15.213  15.285  15.473  15.441  15.520  15.523  99.999  99.999  B2 III Binary (SB1)
NGC2004-045         082.709122  -67.246551  13.867  14.561  14.640  14.893  14.955  14.935  99.999  14.984  14.917  15.169  99.999  B2 III Binary (SB1)   
NGC2004-020         082.724167  -67.263557  12.934  13.573  13.733  13.866  13.971  14.028  14.073  14.079  14.068  14.110  13.987  B1.5 II Binary (SB1)  
NGC2004-102         082.750961  -67.267784  14.561  15.323  15.414  15.628  15.738  15.864  15.875  15.960  16.089  99.999  99.999  B2 III Binary  
NGC2004-094         082.788627  -67.256195  14.515  15.193  15.273  15.452  15.554  15.569  15.555  15.653  15.604  99.999  99.999  B2.5 III Binary
NGC2004-078         082.880539  -67.251640  14.383  15.018  15.165  15.371  15.522  15.561  15.623  15.618  15.636  99.999  99.999  B2 III Binary (SB1) 
NGC2004-054         082.943252  -67.224693  12.423  17.886  14.665  15.041  15.141  15.180  15.425  15.337  15.412  99.999  99.999  B2 III Binary (SB1)   
Sk -69 194          083.650330  -69.760139  11.428  12.354  12.349  12.019  12.349  12.360  12.303  11.829  11.827  11.688  11.614  B0 I + WN     
Parker548           084.654022  -69.085495  99.999  99.999  99.999  99.999  11.579  11.480  11.384  11.259  99.999  99.999  99.999  B0.7-1.5 I    
Parker1621          084.721039  -69.140259  15.687  16.376  16.516  15.908  15.753  15.845  15.731  15.667  15.903  99.999  99.999  B0.5-1 III   
Parker1674          084.726791  -69.133484  14.144  14.861  14.660  14.027  13.739  13.608  13.513  13.379  13.387  13.478  99.999  B0.5-0.7 I       