3.60e-07 0.96 0.12
3.71e-07 1.05 0.12
3.83e-07 1.13 0.14
3.95e-07 1.20 0.17
4.08e-07 1.25 0.20
4.21e-07 1.30 0.22
4.34e-07 1.34 0.22
4.48e-07 1.36 0.22
4.62e-07 1.38 0.21
4.77e-07 1.38 0.19
4.92e-07 1.38 0.17
5.07e-07 1.37 0.16
5.23e-07 1.35 0.15
5.40e-07 1.33 0.16
5.57e-07 1.31 0.18
5.75e-07 1.28 0.19
5.93e-07 1.26 0.20
6.11e-07 1.24 0.20
6.31e-07 1.21 0.20
6.51e-07 1.19 0.19
6.71e-07 1.17 0.17
6.93e-07 1.14 0.15
7.15e-07 1.12 0.12
7.37e-07 1.10 0.10
7.60e-07 1.08 0.08
7.85e-07 1.07 0.08
8.09e-07 1.05 0.09
8.35e-07 1.04 0.10
8.61e-07 1.03 0.11
8.89e-07 1.02 0.12
9.17e-07 1.01 0.13
9.46e-07 1.01 0.13
9.76e-07 1.01 0.13
1.01e-06 1.00 0.13
1.04e-06 1.00 0.13
1.07e-06 1.00 0.13
1.11e-06 1.01 0.13
1.14e-06 1.01 0.13
1.18e-06 1.01 0.13
1.21e-06 1.00 0.13
1.25e-06 1.00 0.13
1.29e-06 0.99 0.13
1.33e-06 0.98 0.13
1.37e-06 0.97 0.12
1.42e-06 0.95 0.12
1.46e-06 0.93 0.11
1.51e-06 0.91 0.12
1.56e-06 0.89 0.12
1.61e-06 0.87 0.13
1.66e-06 0.85 0.14
1.71e-06 0.83 0.14
1.76e-06 0.82 0.13
1.82e-06 0.80 0.12
1.88e-06 0.79 0.11
1.94e-06 0.78 0.09
2.00e-06 0.77 0.07
2.06e-06 0.76 0.05
2.13e-06 0.75 0.04
2.19e-06 0.74 0.04
2.26e-06 0.73 0.06
2.34e-06 0.73 0.07
2.41e-06 0.72 0.08
2.49e-06 0.71 0.10
2.56e-06 0.70 0.10
2.64e-06 0.70 0.11
2.73e-06 0.69 0.12
2.82e-06 0.68 0.12
2.90e-06 0.67 0.13
3.00e-06 0.67 0.13
3.09e-06 0.66 0.13
3.19e-06 0.65 0.14
3.29e-06 0.65 0.14
3.39e-06 0.64 0.14
3.50e-06 0.63 0.14
3.61e-06 0.63 0.13
3.73e-06 0.62 0.13
3.84e-06 0.62 0.12
3.97e-06 0.61 0.13
4.09e-06 0.61 0.15
4.22e-06 0.61 0.17
4.35e-06 0.61 0.19
4.49e-06 0.61 0.20
4.63e-06 0.62 0.21
4.78e-06 0.63 0.21
4.93e-06 0.64 0.21
5.09e-06 0.65 0.21
5.25e-06 0.67 0.22
5.42e-06 0.69 0.24
5.59e-06 0.71 0.28
5.76e-06 0.73 0.33
5.95e-06 0.76 0.39
6.14e-06 0.79 0.45
6.33e-06 0.83 0.50
6.53e-06 0.86 0.55
6.74e-06 0.90 0.57
6.95e-06 0.94 0.57
7.17e-06 0.98 0.55
7.40e-06 1.02 0.50
7.63e-06 1.06 0.45
7.87e-06 1.10 0.50
