Name                  RAJ2000     DEJ2000    Umag    Bmag    Vmag    Imag    Jmag    Hmag    Ksmag   [3.6]   [4.5]   [5.8]   [8.0]  Class                           
                        deg         deg       mag     mag     mag     mag     mag     mag     mag     mag     mag     mag     mag                                   

062353              076.041336  -70.204994  14.923  14.404  12.916  99.999   9.465   8.676   8.390   8.256   8.422   8.188   8.091  M1 I                            
[SP77]39-33         076.058792  -67.270699  15.876  13.949  11.861  99.999   8.010   7.188   6.781   6.293   6.311   6.048   5.532  M4 Ia                           
064048              076.174126  -70.710327  16.963  15.224  13.336  10.070   9.184   8.380   8.029   7.831   7.948   7.630   7.380  M3 I                                                     
065558              076.291794  -70.667557  16.133  14.564  12.676  99.999   9.429   8.647   8.383   8.196   8.357   8.181   8.097  M0 I                            
066778              076.389336  -70.563087  14.453  14.374  12.976  11.124   8.828   8.002   7.638   7.286   7.285   6.996   6.487  M4 I                            
067982              076.485878  -70.590004  16.592  14.744  12.816  10.445   9.234   8.440   8.114   7.785   7.877   7.538   7.120  M4.5 I                          
068125              076.498169  -70.803169  16.763  15.314  13.486   8.920   9.483   8.715   8.315   7.703   7.725   7.409   6.924  M4 I                            
069960              076.651749  -70.544082  16.633  15.064  13.156  11.137   9.811   9.022   8.750   8.538   8.628   8.460   8.183  M2 I                            
071357              076.773415  -70.545639  15.853  13.824  11.756  99.999   8.123   7.383   7.044   6.792   6.929   6.710   6.454  M1 I                            
072727              076.885498  -70.651276  17.143  15.284  13.136  10.269   9.376   8.419   8.018   7.712   7.703   7.375   6.965  M2 I                            
[SP77]37-24         078.193207  -67.327194  16.869  15.137  12.998   9.604   8.783   7.982   7.590   7.186   6.947   6.631   6.045  M2 Ia                           
[SP77]37-35         078.707291  -67.455498  16.672  14.468  12.296   9.675   8.639   7.784   7.421   7.000   6.919   6.602   6.085  M3 Ia                           
106201              079.287956  -69.539192  15.123  14.854  13.346  99.999   9.015   8.163   7.824   7.515   7.498   7.190   6.660  M2 I                            
109106              079.485458  -69.673721  99.999  99.999  99.999  99.999   9.702   8.870   8.575   8.379   8.606   8.398   8.238  M2 I                            
113364              079.763962  -69.665337  13.443  13.214  11.756  99.999   8.530   7.913   7.604   7.369   7.326   7.032   6.514  M1 I                            
[SP77]46-2          079.971916  -68.067696  99.999  99.999  99.999  99.999   8.442   7.584   7.271   6.857   6.962   6.710   6.494  M2 Ia                           
116895              079.972252  -69.459274  16.183  14.404  12.486  10.405   9.250   8.447   8.218   7.831   7.966   7.732   7.446  M3 I                            
119219              080.098709  -69.557587  99.999  99.999  99.999  99.999   9.080   8.329   7.983   7.885   7.740   7.481   6.895  M3 I                            
123778              080.366921  -69.504585  17.914  15.324  13.546  10.718   9.311   8.504   8.145   8.033   7.966   7.681   7.137  M3 I                            
128130              080.630043  -69.568085  16.523  14.984  13.126  11.165   9.784   8.963   8.649   8.908   8.527   8.206   7.808  M2 I                            
130426              080.761833  -69.343643  16.923  15.114  13.236  10.939   9.625   8.827   8.513   8.241   8.440   8.223   8.051  M1 I                            
134383              081.437294  -69.080246  15.903  15.164  13.516  99.999   9.178   8.336   7.993   7.592   7.640   7.350   6.885  M3 I                            
135720              081.614670  -69.182083  16.733  15.474  13.626  99.999   8.934   8.078   7.705   7.404   7.468   7.155   6.577  M3 I                            
135754              081.617996  -69.132614  17.063  15.084  13.126  99.999   9.606   8.759   8.483   8.256   8.433   8.225   7.991  M1 I                            
136042              081.645500  -68.861137  12.903  13.374  12.296  99.999   8.490   7.599   7.265   6.857   6.884   6.573   6.099  M1 I                            
136378              081.678291  -68.953720  17.513  14.991  13.825  99.999   9.613   8.826   8.550   8.139   8.136   7.865   7.501  M3 I                            
137624              081.793251  -69.271561  17.033  15.094  13.216  11.056   9.812   9.002   8.784   8.579   8.702   8.519   8.350  M0 I                            
137818              081.809707  -69.186310  17.622  14.830  13.692  99.999   9.355   8.551   8.192   7.780   7.852   7.568   7.271  M3 I                            
138475              081.867332  -69.010002  16.771  14.364  12.706  99.999  99.999  99.999  99.999  99.999  99.999  99.999  99.999  M0 I                            
138552              081.874336  -67.236916  15.323  14.394  12.856  99.999   9.030   8.298   7.971   7.523   7.275   6.938   6.442  M1 Ia                           
139413              081.948418  -69.222305  14.493  14.264  12.736  10.349   8.815   7.998   7.604   7.306   7.275   6.862   6.118  M3 I                                                    
140782              082.066711  -69.200302  15.473  14.724  13.056  99.999   9.625   8.800   8.514   8.280   8.541   8.362   8.300  M1 I                            
140912              082.077873  -69.126305  13.943  14.014  12.886   9.378   9.486   8.657   8.314   8.125   8.291   8.030   7.661  M1 I                            
141430              082.120750  -68.118835  16.633  14.504  12.356  99.999   8.609   7.801   7.477   6.859   6.860   6.606   6.212  M0 Ia                           
141507              082.126747  -69.012413  17.024  14.934  13.036  99.999   9.653   8.772   8.503   8.296   8.429   8.199   7.914  M0 I                                                   
141772              082.150414  -68.437637  16.693  14.614  12.606  11.075   9.058   8.295   7.866   7.571   7.725   7.491   7.089  M2 Ia                           
[SP77]46-31         082.152420  -68.710693  16.353  14.674  12.706  11.505   9.062   8.261   7.920   7.685   7.763   7.472   7.054  M2 Iab                                                   
142907              082.253586  -68.776001  16.403  14.994  13.106  99.999   9.557   8.739   8.435   8.196   8.299   8.019   7.655  M1 I                            
143280              082.285377  -69.205162  17.143  15.264  13.326   9.131   9.458   8.668   8.345   8.071   8.207   7.964   7.641  M3 I                                                    
145013              082.426331  -68.954804  99.999  99.999  99.999  99.999   7.922   7.192   6.886   6.665   6.792   6.534   6.182  M2 I                            
145728              082.479332  -67.310249  13.753  13.694  12.506  99.999   8.900   8.124   7.789   7.383   7.411   7.063   6.494  M3 I                            
146155              082.512459  -68.767784  16.733  14.804  12.896   9.496   9.522   8.652   8.406   8.188   8.403   8.150   7.986  M0 Iab                          
147257              082.592499  -67.108719  16.569  14.264  12.816  11.045   9.697   8.932   8.603   8.433   8.611   8.455   8.321  M1 I                            
148035              082.648376  -68.989883  99.999  99.999  99.999  99.999   8.747   7.897   7.553   7.219   7.310   7.026   6.629  M4 I                            
148041              082.648704  -67.201195  16.683  14.924  13.116  99.999   9.913   9.159   8.852   8.703   8.882   8.702   8.514  M1 I                                                     
148600              082.688545  -67.133110  17.153  15.184  13.286  99.999   9.598   8.781   8.431   8.210   8.424   8.190   7.975  M3 I                            
149026              082.718246  -67.292915  14.843  14.284  12.856  99.999   9.865   9.040   8.827   8.628   8.774   8.596   8.419  M1 I                            
149767              082.768044  -69.317474  17.846  15.751  14.395  99.999   9.022   8.060   7.627   6.905   6.891   6.492   5.858  M3 I                            
150040              082.788956  -67.431969  16.923  14.824  12.866  99.999   8.797   7.948   7.631   7.454   7.510   7.318   7.079  M4 I                                                     
152132              082.947914  -67.384247  17.003  15.114  13.216  99.999   9.594   8.842   8.588   8.362   8.459   8.258   7.996  M0 I                            
153298              083.037125  -67.188499  16.953  15.014  13.166  99.999   9.764   8.975   8.692   8.423   8.616   8.409   8.208  M1 I                                                    
156011              083.249710  -68.598450  99.999  99.999  99.999  99.999   8.694   8.000   7.650   7.355   7.457   7.204   6.847  M0 Ia                           
156794              083.310539  -67.063477  16.283  14.794  13.006  10.580   9.432   8.587   8.320   8.071   8.273   8.069   7.902  M1 I                            
157081              083.337128  -67.508858  99.999  99.999  99.999  99.999   8.826   8.019   7.689   7.338   7.422   7.183   6.820  M1 Ia                           
158317              083.435837  -67.404694  17.203  15.364  13.406  99.999   9.705   8.843   8.489   8.160   8.177   7.854   7.283  M2 I                                                    
161078              083.696121  -69.483360  99.999  99.999  99.999  99.999  10.068   9.275   9.020   8.841   9.045   8.872   8.798  M0 I                            
162635              083.852539  -69.067558  18.577  15.951  14.165  99.999   9.567   8.657   8.234   7.795   7.779   7.481   7.053  M1 I                            
163814              083.966705  -69.374588  15.733  14.604  12.806  99.999   9.567   8.706   8.451   8.288   8.475   8.281   8.218  M0 I                            
168757              084.403999  -69.489861  99.999  99.999  99.999  99.999   9.455   8.560   8.211   8.045   8.073   7.818   7.329  M3 I                                                     
170079              084.527962  -69.291527  17.196  18.414  13.797  11.137   9.339   8.395   7.913   7.473   7.586   7.294   6.875  M3 I                            
170539              084.575996  -69.295029  18.392  16.003  14.415  11.083   9.607   8.647   8.304   7.983   8.094   7.742   7.370  M3 I                            
Parker1445          084.701981  -69.092430  99.999  15.928  13.617  99.999   9.173   8.297   7.869   7.469   7.406  99.999   6.474  M I                             
173854              084.942711  -69.324471  17.877  15.846  13.864  11.289   9.698   8.761   8.473   8.210   8.392   8.109   7.709  M1 I                            
174543              085.071373  -69.464912  16.967  14.604  13.026  10.656   9.373   8.487   8.220   7.965   7.985   7.670   7.225  M3 I                                                      
175015              085.154335  -69.438919  17.023  15.284  13.366  99.999   9.494   8.674   8.322   8.008   8.063   7.759   7.345  M3 I                                                     
175746              085.278915  -69.287445  17.093  15.414  13.356  10.637   8.956   8.170   7.772   7.338   7.406   7.135   6.811  M3 I                                                 
176715              085.433540  -69.200745  14.823  14.234  13.106   9.399   9.579   8.704   8.400   8.139   8.357   8.111   7.894  M0 I                            
176823              085.449623  -69.201691  19.677  16.488  13.749   9.769   9.525   8.603   8.200   7.648   7.510   7.176   6.668  M1 I                            
[SP77]54-47a        085.489586  -69.205276  14.293  14.074  12.806  99.999   9.811   9.036   8.738   8.548   8.640   8.415   8.136  M1 Iab                          
177150              085.503502  -69.193611  17.677  15.579  13.674   9.421   9.900   9.017   8.683   8.414   8.631  99.999   8.037  M1 I                            
177997              085.647835  -69.146751  16.433  14.634  12.616  99.999   8.842   8.017   7.706   7.454   7.626   7.367   7.033  M2 Ia                           
178555              085.759003  -69.097115  16.903  15.064  13.096  99.999   9.502   8.637   8.366   8.160   8.298   8.126   8.026  M0 I                                                 