3.60e-07 0.01 0.14
3.71e-07 0.01 0.11
3.83e-07 0.01 0.11
3.95e-07 0.01 0.12
4.08e-07 0.01 0.13
4.21e-07 0.01 0.14
4.34e-07 0.01 0.14
4.48e-07 0.01 0.14
4.62e-07 0.01 0.13
4.77e-07 0.01 0.12
4.92e-07 0.01 0.11
5.07e-07 0.01 0.11
5.23e-07 0.01 0.12
5.40e-07 0.02 0.13
5.57e-07 0.04 0.14
5.75e-07 0.06 0.15
5.93e-07 0.08 0.16
6.11e-07 0.11 0.17
6.31e-07 0.15 0.18
6.51e-07 0.19 0.18
6.71e-07 0.23 0.20
6.93e-07 0.28 0.21
7.15e-07 0.33 0.24
7.37e-07 0.39 0.26
7.60e-07 0.44 0.29
7.85e-07 0.49 0.31
8.09e-07 0.54 0.33
8.35e-07 0.58 0.35
8.61e-07 0.62 0.35
8.89e-07 0.66 0.35
9.17e-07 0.69 0.34
9.46e-07 0.72 0.33
9.76e-07 0.75 0.31
1.01e-06 0.78 0.28
1.04e-06 0.80 0.25
1.07e-06 0.83 0.22
1.11e-06 0.86 0.19
1.14e-06 0.89 0.16
1.18e-06 0.92 0.14
1.21e-06 0.97 0.14
1.25e-06 1.03 0.14
1.29e-06 1.09 0.14
1.33e-06 1.17 0.14
1.37e-06 1.26 0.13
1.42e-06 1.35 0.12
1.46e-06 1.45 0.11
1.51e-06 1.55 0.09
1.56e-06 1.65 0.08
1.61e-06 1.75 0.08
1.66e-06 1.84 0.08
1.71e-06 1.92 0.08
1.76e-06 1.98 0.08
1.82e-06 2.03 0.09
1.88e-06 2.07 0.09
1.94e-06 2.09 0.09
2.00e-06 2.11 0.10
2.06e-06 2.12 0.12
2.13e-06 2.12 0.13
2.19e-06 2.12 0.15
2.26e-06 2.12 0.16
2.34e-06 2.12 0.17
2.41e-06 2.13 0.18
2.49e-06 2.13 0.19
2.56e-06 2.13 0.20
2.64e-06 2.12 0.21
2.73e-06 2.12 0.22
2.82e-06 2.12 0.23
2.90e-06 2.11 0.24
3.00e-06 2.10 0.25
3.09e-06 2.08 0.27
3.19e-06 2.06 0.28
3.29e-06 2.04 0.29
3.39e-06 2.01 0.29
3.50e-06 1.97 0.29
3.61e-06 1.92 0.28
3.73e-06 1.87 0.26
3.84e-06 1.81 0.25
3.97e-06 1.74 0.23
4.09e-06 1.67 0.23
4.22e-06 1.61 0.24
4.35e-06 1.55 0.26
4.49e-06 1.49 0.28
4.63e-06 1.46 0.30
4.78e-06 1.43 0.30
4.93e-06 1.42 0.29
5.09e-06 1.43 0.28
5.25e-06 1.45 0.27
5.42e-06 1.48 0.28
5.59e-06 1.52 0.31
5.76e-06 1.57 0.36
5.95e-06 1.63 0.43
6.14e-06 1.69 0.50
6.33e-06 1.75 0.57
6.53e-06 1.81 0.63
6.74e-06 1.86 0.67
6.95e-06 1.90 0.68
7.17e-06 1.91 0.65
7.40e-06 1.90 0.58
7.63e-06 1.84 0.51
7.87e-06 1.74 0.55
