Name                  RAJ2000     DEJ2000    Umag    Bmag    Vmag    Imag    Jmag    Hmag    Ksmag   [3.6]   [4.5]   [5.8]   [8.0]  Class                           
                        deg         deg       mag     mag     mag     mag     mag     mag     mag     mag     mag     mag     mag                                   

LH2-81              073.002747  -69.347145  14.335  15.597  15.513  15.375  15.309  15.236  15.179  15.185  15.041  99.999  99.999  O6 V                            
LH2-96              073.010002  -69.342583  13.329  14.611  14.789  14.753  14.912  14.864  14.942  14.728  14.558  99.999  99.999  O7.5 Vz                         
LH2-180             073.049499  -69.340340  13.425  14.518  14.600  14.713  14.814  14.878  14.912  14.962  14.852  99.999  99.999  O9.5 V                          
LH2-250             073.088913  -69.341499  12.926  13.974  14.152  14.143  14.210  14.221  14.186  14.176  14.170  14.061  99.999  O7 V                            
BI 13               073.277084  -68.056335  12.663  13.725  13.796  14.112  14.343  14.488  14.564  14.592  14.603  99.999  99.999  O6.5 V                          
Sk -70 13           073.504837  -69.996521  11.163  12.204  12.346  12.172  12.708  12.824  12.882  12.853  12.811  12.764  12.794  O9 V                            
Sk -69 25           073.515289  -69.199059  10.993  12.054  11.886  12.230  12.866  12.872  12.806  13.033  99.999  99.999  99.999  O6 V((f))                       
N11-058             073.968124  -66.570389  13.090  13.953  14.197  14.422  14.592  14.674  14.716  14.780  14.805  14.936  99.999  O5.5 V((f))                     
Sk -66 18           073.999206  -65.974915  12.394  13.294  13.467  13.725  13.951  14.051  14.061  14.116  14.094  14.166  99.999  O6 V((f))                       
N11-068             074.019211  -66.399384  13.496  14.377  14.545  14.657  14.802  14.886  14.988  14.992  14.986  99.999  99.999  O7 V((f))                        
N11-122             074.119835  -66.479752  14.223  15.074  15.295  15.561  15.696  15.749  15.793  15.970  16.035  99.999  99.999  O9.5 V                                    
N11-051             074.123833  -66.360695  12.909  13.812  13.990  14.173  14.333  14.401  14.528  14.503  14.542  14.336  99.999  O5 Vn((f))                                 
1200                074.143669  -66.489304  12.903  13.888  13.852  13.657  13.380  13.263  13.049  12.648  12.486  12.302  99.999  O6:: V:p                        
3016                074.145790  -66.422302  13.738  14.682  14.589  14.998  15.180  15.257  15.315  15.246  15.225  99.999  99.999  O9.5: V                         
1239                074.151291  -66.490471  13.528  14.378  14.501  14.717  14.878  14.924  15.009  15.015  14.922  15.019  99.999  O7-O8: V:                       
1288                074.163086  -66.481781  14.309  15.111  15.310  15.544  15.681  15.824  15.963  15.862  15.887  99.999  99.999  O9 V                            
N11-087             074.163254  -66.413887  13.590  14.514  14.461  14.708  14.946  15.046  15.009  14.767  14.826  99.999  99.999  O9.5 Vn                         
N11-060             074.175667  -66.415115  12.901  14.092  14.089  13.991  14.176  14.232  14.206  14.160  14.131  99.999  99.999  O3 V((f))                       
3070                074.180420  -66.417274  11.057  12.335  11.728  10.944  12.366  12.443  12.415  99.999  12.560  12.226  99.999  O6 V                            
3073                074.180794  -66.415085  12.895  14.734  13.868  14.181  14.568  14.554  14.513  14.614  14.695  99.999  99.999  O6.5 V                                           
1365                074.189125  -66.475387  14.179  14.944  15.201  15.419  15.618  15.733  15.753  15.667  15.726  99.999  99.999  O9 V                            
3102                074.189209  -66.412834  12.601  13.319  13.416  13.502  13.672  13.684  13.742  13.776  13.669  13.561  99.999  O7 V ZAMS                       
3115                074.193962  -66.414337  14.103  14.942  14.771  15.005  15.061  15.075  15.040  15.326  15.233  99.999  99.999  O9 V                            
1377                074.195046  -66.475998  13.786  14.580  14.840  15.017  15.217  15.351  15.388  15.459  15.494  99.999  99.999  O8: V                           
3120                074.195167  -66.412949  11.700  12.496  12.466  12.464  12.946  12.997  13.022  13.065  13.013  99.999  99.999  O5.5 V ((f*))                   
3126                074.196335  -66.416420  13.391  14.371  14.050  14.034  14.087  14.042  14.063  14.021  14.148  13.992  99.999  O6.5 V ZAMS                     
1396                074.199791  -66.476334  12.616  13.444  13.668  13.851  14.083  14.191  14.172  14.187  14.225  14.135  99.999  O7 Vp                           
N11-123             074.210419  -66.473084  14.324  15.094  15.392  15.602  15.769  15.882  16.129  16.058  16.046  99.999  99.999  O9.5 V                          
1431                074.213753  -66.478584  14.027  14.855  15.105  15.289  15.428  15.480  15.629  15.526  15.573  99.999  99.999  O9 V                            
1481                074.227959  -66.492996  12.777  13.616  13.871  14.023  14.191  14.278  14.355  14.391  14.394  14.201  99.999  O7 V((f))                       
1486                074.231582  -66.482750  13.184  14.026  14.252  14.462  14.648  14.786  14.753  14.764  14.815  14.763  99.999  O6.5 V                          
N11-066             074.239624  -66.589256  13.286  14.211  14.362  14.618  14.784  14.835  14.966  14.936  14.974  99.999  99.999  O7 V((f))                                        
LH12-1004           074.272583  -68.414833  99.999  99.999  99.999  99.999  13.044  13.092  13.134  13.233  12.903  13.440  99.999  O8 V                            
LH12-1018           074.276665  -68.415031  13.340  14.322  14.388  14.583  14.735  14.816  14.876  14.936  14.974  99.999  99.999  O8 V                            
N11-108             074.288796  -66.369949  14.066  14.888  15.000  15.155  15.297  15.386  15.396  15.363  15.412  99.999  99.999  O9.5 V                          
LH12-25             074.294998  -68.414612  12.710  13.656  13.745  13.982  14.106  14.166  14.256  14.280  14.258  14.405  99.999  O8 V                            
N11-028             074.317665  -66.389107  99.999  99.999  99.999  99.999  99.999  99.999  99.999  99.999  99.999  99.999  99.999  O6-8 V                                    
N11-061             074.357208  -66.351501  13.418  14.233  14.231  14.208  14.196  14.206  14.155  14.191  14.231  99.999  99.999  O9 V                                   
Sk -67 38a          076.010582  -67.276672  12.388  13.384  13.459  13.793  13.978  13.998  14.073  14.094  14.030  14.131  14.107  O8.5 V                          
Sk -70 60           076.169876  -70.259582  12.609  13.646  13.914  13.967  14.328  14.350  14.534  13.931  13.851  13.767  13.497  O4-5 V((f))pec                  
Sk -70 69           076.327789  -70.430527  12.586  13.616  13.854  14.074  14.366  14.440  14.582  14.550  14.554  14.697  99.999  O5.5 V((f))                     
Sk -65 29           076.460625  -65.706024  12.393  13.172  13.520  13.770  13.986  14.094  14.159  14.187  14.193  14.219  99.999  O8 V                                            
BI 85               077.164124  -68.762085  11.909  10.750  11.620  11.652  12.764  12.805  12.788  12.995  12.929  12.899  99.999  O8 V                            
LH31-1012           077.463959  -68.906502  13.173  14.150  14.251  14.645  14.799  14.885  99.999  14.630  14.672  99.999  99.999  O8 V                            
LH31-1010           077.488747  -68.903503  12.926  14.035  14.067  14.475  14.577  14.756  14.691  14.869  14.826  14.520  99.999  O8 V                            
BI 94               077.601753  -69.114250  12.753  13.654  13.840  14.019  13.994  14.033  14.101  14.113  14.073  14.321  99.999  O7 V((f))                       
BI 97               078.069710  -67.434166  12.975  13.890  13.966  14.084  14.221  14.321  14.272  14.336  14.286  14.383  99.999  O9 V                            
Sk -71 16           079.439087  -71.244499  13.022  13.802  13.990  14.211  14.474  14.524  14.585  14.641  14.681  99.999  99.999  O9 V                            
BI 127              079.474625  -69.140083  12.895  13.946  14.017  14.501  99.999  14.720  99.999  14.802  14.770  99.999  99.999  O6.5 V SB:                                        
BI 130              079.524956  -69.242966  11.343  12.424  12.586  13.365  12.909  12.958  13.006  12.959  12.912  12.940  13.074  O8.5 V((f))                     
LH41-10             079.554421  -69.263916  12.293  13.384  13.586  13.627  14.058  14.149  14.262  14.241  14.228  14.394  99.999  O8.5 V                          
BI 128              079.582375  -65.820724  12.796  13.447  13.745  14.055  14.234  14.379  14.398  14.423  14.440  14.271  99.999  O9 V                            
LH41-57             079.612999  -69.188057  12.293  13.324  13.496  13.505  13.794  13.877  13.883  13.929  13.880  14.183  99.999  O9.5 V                          
Sk -69 102          079.676712  -69.236305  10.983  12.084  12.266  12.828  13.212  13.306  13.360  13.433  13.379  99.999  99.999  O8 V                            
Sk -65 44           080.076874  -65.402252  12.599  13.414  13.643  13.868  14.020  14.107  14.092  14.220  14.207  14.140  99.999  O9 V                            
LH43-2              080.214455  -65.469307  13.325  14.114  14.359  14.619  14.864  14.946  14.980  15.043  14.911  15.130  99.999  O8 V                            
LH43-1007           080.393456  -65.487106  13.561  14.285  14.467  14.611  14.791  14.775  14.822  14.764  14.672  14.388  99.999  O9 V                            
LH47-14             080.431000  -67.918526  14.115  15.083  15.232  15.538  15.744  15.821  15.827  15.718  15.824  99.999  99.999  O9.5 V                          
LH47-47             080.447792  -67.927994  12.546  13.350  13.543  13.728  13.926  13.886  14.045  13.996  13.991  14.069  99.999  O9.5 V                          
LH47-66             080.455544  -67.947197  13.709  14.586  14.767  14.906  15.140  15.184  15.293  15.290  15.203  99.999  99.999  O9 V                            
LH47-84             080.463959  -67.936752  14.818  15.688  15.997  16.028  16.224  16.569  99.999  16.478  16.324  99.999  99.999  O9.5 V                          
LH47-222            080.511459  -67.939888  13.563  14.550  14.810  15.064  15.241  15.309  99.999  15.353  15.429  99.999  99.999  O8 V                            
LH47-407            080.586204  -67.946556  12.752  13.770  13.908  14.155  14.284  14.340  99.999  14.530  14.499  14.378  99.999  O9.5 V                          
LH48-111            080.590622  -67.902336  13.400  14.315  14.339  14.449  14.349  14.381  14.318  14.357  14.330  99.999  99.999  O5 V((f*))                      
BI 155              080.952621  -67.898026  12.810  13.809  13.970  14.234  14.443  14.519  14.699  14.548  14.603  14.383  99.999  O7 V                            
BI 164              081.258079  -68.532784  12.819  13.859  14.088  14.328  14.605  14.683  14.793  14.692  14.821  15.269  99.999  O8 V((f))                       
LH58-5              081.562500  -68.840309  12.938  13.827  13.802  13.885  13.979  13.952  13.990  14.001  13.938  99.999  99.999  O7.5 V                          
LH58-39             081.581955  -68.840004  14.229  15.229  15.444  15.627  15.738  15.900  15.791  15.837  15.857  99.999  99.999  O7-8 V:                         
LH58-153            081.615295  -68.799690  13.165  14.254  14.278  14.632  14.880  15.007  15.060  15.171  15.054  99.999  99.999  O8 V                            
Sk -67 111          081.700332  -67.491608  99.999  99.999  99.999  99.999  12.945  13.013  13.028  12.983  12.948  12.898  12.902  O6 Ia(n)fp var                  
LH58-649            081.712044  -68.820038  12.103  13.174  13.386  13.600  13.820  13.890  14.011  14.001  13.991  14.161  99.999  O6.5 V                          
Sk -65 61           081.819832  -65.809753  12.771  13.697  13.822  13.989  14.237  14.272  14.235  14.443  14.398  14.378  99.999  O7.5 V                                       
Sk -67 118          081.888794  -67.291725  99.999  99.999  99.999  99.999  13.443  13.551  13.624  13.679  13.691  13.725  13.862  O7 V                            
Sk -71 33           082.085915  -70.989555  12.816  13.735  13.726  13.521  13.432  13.349  13.076  12.635  12.445  12.169  11.904  O9 Ve (Fe II)                   
W16-38              082.250420  -68.824051  12.864  13.983  14.128  14.353  14.547  14.682  14.744  14.852  14.805  99.999  99.999  O8.5 V                          
LH64-40             082.398918  -68.763359  13.049  14.231  14.308  14.599  14.769  14.916  14.940  15.067  15.099  15.109  99.999  O6 V((f))                       
lmc1-929            082.408501  -70.963806  13.209  14.232  14.331  14.671  14.745  14.815  14.850  14.907  14.957  99.999  99.999  O8.5 V                          
lmc1-507            082.464752  -71.075722  13.049  13.936  14.132  14.373  14.655  14.747  14.874  14.883  14.900  99.999  99.999  O8 V                            
NGC2004-058         082.521377  -67.312729  13.821  14.746  14.828  14.709  14.565  14.135  14.106  13.995  13.989  14.069  14.056  O9.5 V                          
lmc1-493            082.546753  -71.079582  14.173  14.935  14.993  14.961  14.954  14.919  14.998  14.893  14.957  99.999  99.999  O9 V                            
lmc1-390            082.594498  -71.105385  13.569  14.387  14.547  14.713  14.753  14.842  15.016  14.988  15.067  99.999  99.999  O8 V                            
lmc1-584            082.602753  -71.062393  13.520  14.392  14.609  14.812  15.006  15.076  15.168  15.035  15.093  99.999  99.999  O7 V                            
lmc1-541            082.652580  -71.071052  13.559  14.348  14.524  14.648  14.753  14.784  14.705  14.783  14.826  14.826  99.999  O9 V                            
BI 185              082.666794  -71.287026  13.264  14.082  14.263  14.382  14.587  14.640  14.711  14.725  14.770  14.628  99.999  O9 V                            
lmc1-642            082.710960  -71.046669  13.251  14.111  14.366  14.544  99.999  14.898  15.048  14.992  14.974  99.999  99.999  O8 V                            
BI 189              082.739914  -71.059395  12.555  13.332  13.448  13.366  13.384  13.365  13.286  13.020  12.868  12.693  99.999  O8 V((f))                       
lmc1-170            082.778626  -71.179855  13.088  13.971  14.121  14.345  14.420  14.428  14.468  14.453  14.603  14.306  99.999  O8.5 V                          
lmc1-550            082.799248  -71.069473  12.207  12.941  13.231  13.285  13.277  13.328  13.455  13.558  13.538  13.451  13.628  O5 V                            
lmc1-576            082.807961  -71.064224  13.630  14.463  14.624  14.768  99.999  99.999  15.097  15.127  15.086  99.999  99.999  O7.5 V                          
lmc1-504            082.828629  -71.077499  13.825  14.579  14.413  13.927  13.577  13.299  13.039  12.671  12.439  12.256  11.934  O7: Ve                          
BI 190              082.910210  -68.469025  13.121  14.070  14.096  14.165  14.208  14.238  14.213  14.303  14.246  14.331  99.999  O8 V((f))                       
lmc1-703            083.037086  -71.032806  13.610  14.382  14.631  14.839  15.096  15.140  15.274  15.436  15.203  14.927  99.999  O9 V                            
Sk -67 174          083.047836  -67.687698   9.463  13.624  12.007  11.026  12.238  12.331  12.318  12.296  12.246  12.197  99.999  O8 V                            
Sk -68 119          083.173332  -68.904839  12.473  13.534  13.676  13.758  13.893  13.919  13.953  13.950  13.911  14.000  13.809  O9 V                            
Sk -67 191          083.391708  -67.505470  12.153  13.214  13.436  14.838  13.730  13.827  13.901  13.887  13.863  13.859  99.999  O8 V                            
BI 208              083.488876  -67.405609  12.742  13.716  13.921  14.141  14.416  14.493  14.552  14.603  14.607  14.690  99.999  O6 V((f))                       
LH81:W28-5          083.618622  -69.732391  12.795  13.630  13.774  14.063  14.277  14.394  14.409  14.403  14.380  14.362  99.999  O4 V((f+))                      
LH81-43             083.679123  -69.745163  12.735  13.540  13.706  13.992  14.158  14.216  14.256  14.394  14.327  14.296  99.999  O6 V((f))                       
LH81:W28-23         083.708794  -69.775642  12.698  13.596  13.702  13.752  14.106  14.170  14.264  14.189  14.173  14.140  99.999  O3.5 V((f+))                    
BI 223              083.727043  -67.496330  13.170  14.059  14.256  14.391  14.544  14.612  14.611  14.681  14.603  14.550  99.999  O9 V                            
ST2-03              083.917664  -69.207054  13.843  14.524  14.264  13.968  13.825  13.702  13.578  13.460  13.444  13.609  99.999  O5.5 V                          
[ST92]2-11          083.925873  -69.211273  99.999  99.999  99.999  99.999  15.336  15.269  15.038  15.051  14.668  99.999  99.999  O9 V                            
[ST92]2-16          083.929542  -69.219917  15.178  15.974  15.968  99.999  15.656  15.765  15.474  15.533  15.523  99.999  99.999  O8 V                            
[ST92]2-24          083.941544  -69.190445  14.565  15.283  15.285  15.117  15.087  15.154  15.027  15.076  15.080  99.999  99.999  O6 V                            
[ST92]3-31          083.961418  -68.976364  14.422  15.198  15.213  15.202  15.216  15.145  15.321  15.135  15.147  14.669  99.999  O9 V                            
BI 237              084.061165  -67.655365  12.865  13.790  13.830  13.948  13.949  13.989  14.036  13.992  13.982  14.030  99.999  O2 V((f*))                      
Sk -69 216a         084.128128  -69.815254  12.573  13.316  13.613  13.772  13.913  13.991  13.990  13.983  13.994  14.030  99.999  O6 V((f))                       
BI 245              084.167336  -66.470139  12.505  13.396  13.943  13.748  13.977  14.052  14.091  14.167  14.176  14.266  99.999  O8.5 V                          
BI 246              084.186958  -66.443359  12.714  13.557  13.660  13.722  13.676  13.689  13.671  13.685  13.499  13.680  99.999  O9 V                            
[ST92]1-7           084.371246  -69.144829  15.786  16.517  16.238  15.519  15.039  14.816  14.744  14.582  14.542  99.999  99.999  O7 V                            
[ST92]1-9           084.375458  -69.164169  14.946  15.692  15.578  15.403  15.117  15.043  15.083  14.819  14.862  99.999  99.999  O9 V                            
[ST92]1-18          084.389961  -69.186890  15.032  15.880  15.733  15.344  14.971  14.901  14.742  14.838  14.805  99.999  99.999  O5 V((f))                       
[ST92]1-25          084.403542  -69.139717  15.542  16.367  16.193  15.842  15.604  15.515  15.477  15.300  15.271  99.999  99.999  O6 V                            
[ST92]1-26          084.404793  -69.171692  15.240  15.965  16.044  15.485  15.324  15.203  15.150  15.157  15.067  99.999  99.999  O9 V                            
[ST92]1-29          084.410584  -69.172195  12.875  13.744  13.710  13.555  13.446  13.410  13.373  13.397  13.375  13.638  99.999  O6 V                            
[ST92]1-34          084.414497  -69.180496  14.657  15.346  15.141  15.135  14.855  14.644  14.608  14.472  14.422  99.999  99.999  O7 V                            
[ST92]1-37          084.417709  -69.179550  14.544  14.845  15.227  14.641  13.546  13.492  13.199  13.288  13.215  12.810  99.999  O7 V                            
[ST92]1-48          084.429626  -69.177162  99.999  99.999  99.999  99.999  14.790  99.999  14.563  14.822  99.999  99.999  99.999  O6.5 V                          
[ST92]1-51          084.433334  -69.160866  14.784  15.983  15.780  15.890  15.895  15.821  15.663  15.483  14.659  13.879  11.404  O8 V                            
[ST92]1-56          084.438461  -69.170441  15.506  16.145  15.898  15.762  15.492  15.246  15.156  14.862  14.586  12.833  11.167  O6.5 V                          
[ST92]1-58          084.441208  -69.172806  15.790  16.327  16.167  15.944  15.736  15.621  15.505  15.166  14.986  99.999  99.999  O6: V                           
[ST92]1-61          084.442879  -69.139084  15.863  16.667  16.570  16.316  16.168  16.089  16.213  16.038  99.999  99.999  99.999  O8 V                            
[ST92]1-62          084.443749  -69.169082  14.800  15.607  15.582  15.687  15.700  15.703  15.603  15.598  99.999  99.999  99.999  O3-4 V                          
[ST92]1-87          084.476914  -69.161529  12.897  13.591  13.702  13.631  13.774  13.812  13.811  13.828  13.809  14.077  99.999  O9 V                            
[ST92]1-97          084.496086  -69.199081  13.935  14.655  14.389  14.035  13.879  13.833  13.777  13.678  13.737  99.999  99.999  O5: V                           
Sk -69 238          084.496582  -69.453415  11.212  12.069  12.267  12.370  12.429  12.484  12.479  12.447  12.445  12.418  12.501  O6.5 V((f))                     
Parker32            084.597176  -69.121155  13.332  14.261  14.169  14.051  13.991  13.911  13.929  13.956  14.003  99.999  99.999  O8.5 V                          
Parker76            084.606773  -69.101211  15.263  16.167  16.142  15.750  16.295  16.039  15.803  15.109  99.999  99.999  99.999  O9:: V:                         
Parker83            084.609299  -69.083847  13.996  14.810  14.826  14.992  15.475  15.654  15.366  15.402  99.999  99.999  99.999  O9-9.5 V                        
Parker304           084.636047  -69.075691  99.999  99.999  99.999  99.999  13.612  13.731  13.765  13.791  99.999  99.999  99.999  O8 V                            
Parker9017          084.667457  -69.020111  12.901  14.010  13.905  14.010  14.013  14.000  14.039  13.981  13.965  99.999  99.999  O8.5 V                          
Parker791           084.669685  -69.140244  15.347  16.015  15.808  15.458  15.141  15.042  15.004  14.806  99.999  99.999  99.999  O3-5 V                          
Parker9034          084.701706  -68.997200  14.379  15.246  15.339  15.591  15.666  15.652  15.652  15.764  15.729  99.999  99.999  O9.5 V                          
Parker1573          084.713890  -69.069031  14.264  15.263  14.368  14.376  14.078  13.770  13.425  13.479  99.999  99.999  99.999  O3-6 V:                         
BI 254              084.718460  -65.904304  13.597  14.521  14.625  14.923  15.182  15.451  15.282  15.436  15.504  99.999  99.999  O8 V                            
Parker1643          084.723511  -69.136581  14.927  15.746  15.725  15.327  99.999  99.999  99.999  15.122  14.957  99.999  99.999  O3-5 Vz                         
Parker1892          084.753151  -69.120285  15.301  15.945  15.709  15.314  99.999  99.999  99.999  14.918  14.821  99.999  99.999  O8.5 Vz                         
Parker1966          084.764320  -69.109634  14.824  15.549  15.522  15.624  15.524  15.593  15.849  15.533  99.999  99.999  99.999  O9:: V:                         
Parker1988          084.770332  -69.094574  13.507  14.355  14.240  13.891  13.987  13.896  13.892  13.589  99.999  99.999  99.999  O9 V:                           
Parker2041          084.795509  -69.103783  14.314  15.101  15.011  14.676  14.601  14.590  14.600  14.418  14.387  99.999  99.999  O4: V((f))                      
Parker2246          084.900536  -69.083054  13.618  14.469  14.319  14.326  14.344  14.246  14.045  14.269  14.048  99.999  99.999  O4 V                            
BI 260              084.902664  -69.468170  12.635  13.569  13.522  13.664  13.552  13.440  13.357  13.272  13.341  13.804  99.999  O7 V((f))                       
[ST92]4-33          084.992081  -69.403892  13.511  14.334  14.414  14.426  14.277  14.403  14.444  14.545  14.534  14.532  99.999  O7 V                            
W4-9                084.998459  -69.411110  13.762  14.643  14.754  14.840  14.908  15.008  15.078  15.059  14.974  14.748  99.999  O8 V                            
[ST92]4-40          085.012123  -69.398109  14.189  15.053  15.191  15.228  15.394  15.618  15.508  15.533  15.466  99.999  99.999  O8 V                            
BI 265              085.019295  -69.664085  11.526  12.346  12.375  12.493  12.698  12.723  12.718  12.727  12.718  12.690  12.587  O6 V                                          
LH110-843           085.423752  -71.327942  14.288  15.184  15.287  15.497  99.999  99.999  99.999  15.879  15.687  99.999  99.999  O9 V                            
lmc2-703            085.785042  -67.848144  13.062  13.964  14.150  14.465  14.598  14.738  14.813  14.848  14.868  14.763  13.637  O9.5 V                          
