Name                  RAJ2000     DEJ2000    Umag    Bmag    Vmag    Imag    Jmag    Hmag    Ksmag   [3.6]   [4.5]   [5.8]   [8.0]  Class                           
                        deg         deg       mag     mag     mag     mag     mag     mag     mag     mag     mag     mag     mag                                   

Sk -70 1a           071.864998  -70.562698  12.693  13.654  13.716  13.685  13.713  13.711  13.714  13.723  13.743  13.731  99.999  O9 II                           
Sk -69 9            072.464211  -69.201195  11.645  12.083  12.423  12.431  12.718  12.771  12.827  12.811  12.811  12.687  99.999  O6.5 III                        
Sk -67 4            072.466415  -67.687469  11.843  12.914  13.076  13.079  13.393  13.438  13.478  13.508  13.504  13.566  13.545  O9 Ib                           
Sk -67 5            072.578834  -67.660561  10.244  11.115  11.377  11.322  11.578  11.610  11.619  11.606  11.565  11.553  11.501  O9.7 Ib                         
LH2-23              072.946045  -69.317864  12.413  13.324  13.156  13.430  13.414  13.255  13.232  99.999  13.568  13.758  99.999  O9.7 Ib                         
LH2-142             073.038002  -69.343254  12.293  13.314  13.466  13.722  13.843  13.875  13.913  13.918  13.880  14.022  99.999  O7 II:                          
LH2-223             073.075920  -69.336586  11.803  12.804  12.946  12.950  13.077  13.117  13.148  13.132  13.104  13.034  99.999  O8 II((f))                      
BI 9                073.199539  -68.794113  12.493  13.534  13.756  13.826  13.970  14.043  14.070  14.123  14.139  14.201  99.999  O7.5 III((f))                   
Sk -67 9a           073.269875  -67.133415  12.639  13.798  13.637  13.802  13.919  13.965  14.027  14.029  13.965  14.003  99.999  O9 III                          
Sk -69 29           073.559418  -69.253692  11.803  12.814  12.946  12.945  12.980  13.004  13.056  13.039  12.975  12.986  13.023  O9 I                            
BI 24               073.773872  -66.532501  12.267  13.012  13.280  13.509  99.999  99.999  99.999  13.731  13.648  13.492  99.999  O7 III                          
N11-004             073.872581  -66.386665  11.605  12.361  12.461  11.908  12.765  12.822  12.817  12.770  12.811  12.741  99.999  O9.7 Ib                                
N11-022             074.003754  -66.437889  12.309  13.191  13.327  13.454  13.500  13.561  13.576  13.538  13.565  13.548  13.506  O6.5 II(f)                      
N11-007             074.072044  -66.517670  11.719  12.591  12.638  12.852  13.030  13.071  13.209  13.104  13.094  13.130  13.154  O8 Ib (f)                       
1194                074.142670  -66.481171  13.204  14.046  14.215  14.256  14.229  14.203  14.043  13.674  13.513  13.345  13.026  O9.5: IV                        
1292                074.164040  -66.491524  14.699  15.524  15.507  14.847  13.918  13.097  12.838  12.662  12.771  12.714  99.999  O9: III:                        
3045                074.166039  -66.415085  14.158  15.005  14.838  15.211  15.432  15.514  15.462  15.533  15.691  99.999  99.999  O9.5 III                        
N11-031             074.177040  -66.421661  12.699  13.595  13.491  13.405  13.561  13.614  13.389  13.414  13.481  13.370  99.999  ON2 III (f)                     
N11-038             074.188377  -66.419609  13.007  13.736  13.648  13.547  13.721  13.643  99.999  13.657  13.718  13.682  99.999  O5 III(f+)                      
1363                074.188873  -66.493637  11.768  12.585  12.766  12.031  12.831  12.856  12.822  12.785  12.711  12.697  12.544  O8.5 Iaf                        
1388                074.196625  -66.482170  11.364  12.158  12.450  99.999  12.504  12.535  12.540  12.418  12.411  12.334  99.999  O9.7 Iab                                       
N11-026             074.218918  -66.332169  12.646  13.405  13.580  99.999  13.734  13.773  13.803  13.799  13.801  13.849  99.999  O2.5 III(f)                     
Sk -66 32           074.227959  -66.480026  11.974  12.801  13.075  13.124  13.308  13.365  13.412  13.379  13.381  13.428  13.314  O6 III(f)                       
N11-055             074.294044  -66.301895  13.504  14.335  14.153  13.591  13.357  13.065  12.809  12.411  12.218  12.032  11.875  O8-9 IIIne                      
Sk -69 50           074.312874  -69.338867  12.163  13.204  13.366  13.434  13.547  13.609  13.625  13.600  13.584  13.490  13.604  O7 If                           
BAT99-12            074.364334  -67.650810  12.213  13.314  13.496  13.564  99.999  13.760  13.744  13.600  13.446  13.543  13.275  O3 If*/WN6 SB                          
Sk -68 16           074.407455  -68.409973  11.683  12.714  12.906  13.052  13.313  13.415  13.426  13.508  13.313  13.453  13.388  O7 III                          
Sk -65 5            074.698753  -65.639946  11.968  12.650  12.866  12.954  13.078  13.126  13.161  13.078  13.126  13.098  13.142  O9 II                           
Sk -66 47           074.887375  -66.231224  12.302  12.775  13.144  13.318  99.999  13.592  13.552  13.589  13.618  13.551  13.238  O9 III                          
Sk -65 17a          075.001587  -65.805168  12.261  13.195  13.424  13.672  13.802  13.907  13.978  13.981  13.961  14.038  13.935  O7 III                          
Sk -70 33           075.136330  -70.418884  18.893  17.219  15.739  14.324  13.389  12.583  12.441  12.277  12.321  12.367  12.327  O9.5 III                        
Sk -65 21           075.342834  -65.696640  11.119  12.013  12.172  12.373  12.590  12.655  12.701  12.635  12.606  12.620  12.602  O9.7 Iab                        
Sk -65 22           075.346169  -65.875892  10.944  11.871  12.003  12.187  12.338  12.358  12.274  12.216  12.066  12.002  11.811  O6 Iaf+                         
Sk -67 37           075.505127  -67.534302  12.333  13.444  13.666  13.809  14.030  14.137  14.219  14.198  14.178  14.247  99.999  O9. II                                             
Sk -68 32           075.963081  -68.452911  99.999  99.999  99.999  99.999  14.069  14.147  14.304  14.247  14.228  14.179  99.999  O9 III                          
Sk -70 57           076.061791  -70.618477  12.143  13.244  13.426  13.504  13.736  13.828  13.934  13.968  13.927  14.034  99.999  O7.5 III                        
Sk -68 37           076.177330  -68.401360  12.438  13.470  13.602  13.893  14.094  14.149  14.265  14.130  14.040  14.118  99.999  O8 III                          
Sk -70 66           076.319420  -70.471886  99.999  12.554  12.515  13.055  13.135  13.226  13.274  13.218  13.222  13.268  13.282  O9 Ib                           
Sk -70 70           076.353081  -70.461273  12.493  13.574  13.706  13.826  99.999  99.999  99.999  14.047  13.999  13.963  99.999  O6 III(f)                       
Sk -68 47           076.560959  -68.110863  12.098  13.157  13.271  13.352  13.574  13.579  13.605  13.622  13.557  13.596  99.999  O8 I                            
Sk -68 46           076.561791  -68.550362  11.493  12.484  12.516  12.345  12.498  12.542  12.498  12.411  12.400  12.384  12.225  O9.5 Ib                         
Sk -71 8            076.846916  -71.198334  12.243  12.995  13.156  13.299  13.473  13.531  13.604  13.611  13.558  13.548  99.999  O9 II                           
Sk -67 51           077.447250  -67.899414  11.528  12.483  12.682  12.764  13.009  13.076  13.098  13.160  13.136  13.082  13.080  O6.5 III                        
LH31-1003           077.549332  -68.901337  14.003  13.724  13.186  12.527  11.927  11.631  11.581  11.501  11.506  11.403  11.147  O6 Ib(f)                        
BI 101              078.250458  -69.393471  99.999  99.999  99.999  99.999  13.551  13.572  13.629  13.643  13.624  13.671  99.999  O9 II                           
Sk -69 76           078.408043  -69.300278  10.727  11.418  11.075  11.838  12.264  12.347  12.347  12.345  12.237  12.108  99.999  O6.5 II(f)                      
BI 111              078.570747  -69.304527  12.103  13.144  13.216  13.433  13.539  13.583  13.618  13.681  13.669  13.453  99.999  O9 II                           
Sk -67 69           078.583626  -67.134224  11.950  13.012  13.040  13.330  13.465  13.536  13.611  13.518  13.565  13.511  13.567  O4 III(f)                       
Sk -69 83           078.623497  -69.495437  10.399  11.435  11.603  11.682  11.863  11.895  11.923  11.821  11.821  11.781  11.820  O7.5 Iaf                        
LH41-51             079.557503  -69.200302  11.318  12.111  12.330  12.707  12.607  12.593  12.655  12.671  12.696  12.641  99.999  O9.5 I                          
LH41-1012           079.569961  -69.251526  11.252  12.086  12.010  12.397  12.781  12.854  12.895  12.826  12.756  12.795  12.740  O9.5 I                          
LH41-58             079.598915  -69.183723  11.813  12.884  13.026  13.282  13.274  13.356  13.325  13.498  13.434  13.543  13.514  O8.5 III                        
LH41-16             079.640587  -69.255058  11.383  12.454  12.626  12.712  13.003  13.141  13.133  13.272  13.186  13.238  99.999  O8.5 III(f)                     
LH41-35             079.654915  -69.221557  12.133  13.224  13.396  13.534  13.813  13.932  13.962  14.013  14.065  99.999  99.999  O7 III(f)                       
LH41-34             079.676834  -69.215553  11.953  13.064  13.236  13.210  13.422  13.494  13.482  13.548  13.493  13.353  99.999  O6 III(f)                       
LH41-27             079.705956  -69.234833  11.703  12.774  12.936  99.999  13.017  13.090  13.033  12.983  12.912  12.599  99.999  O7.5 If                         
Sk -69 104          079.747833  -69.215217  99.999  99.999  99.999  99.999  12.539  12.624  12.699  12.627  12.599  12.568  99.999  O6 Ib(f)                        
LH41-32             079.757790  -69.218498  11.773  12.904  13.086  13.132  13.474  13.596  13.613  13.611  13.578  13.630  99.999  O4 III                          
Sk -69 107          079.824043  -69.653946  99.999  99.999  99.999  99.999  11.755  11.788  11.871  11.878  11.847  11.916  11.996  O9.5 Ib                         
Sk -65 42           079.829834  -65.866524  12.742  13.703  13.866  14.163  14.350  14.436  14.514  14.561  14.518  14.662  99.999  O8 III                          
Sk -65 47           080.227791  -65.455078  11.451  12.270  12.466  12.741  12.849  12.897  12.908  12.930  12.860  12.861  12.681  O4 If                           
LH47-58             080.451584  -67.939529  13.195  14.062  14.312  14.097  14.102  14.065  14.108  14.018  13.982  13.528  99.999  O9.5 III                        
LH47-191            080.499374  -67.960243  11.773  12.877  12.864  13.014  13.305  13.391  13.268  13.700  99.999  99.999  99.999  O5 III(f)                       
LH48-65             080.556167  -67.893944  11.905  11.951  12.615  12.955  13.112  13.146  13.201  13.008  12.912  12.951  99.999  O9 III                          
Sk -71 19           080.565628  -71.360916  13.153  14.031  14.227  14.436  14.611  14.829  14.881  14.865  14.852  14.786  99.999  O6 III SB:                      
Sk -68 72a          080.694710  -68.065422  12.191  12.464  12.946  12.996  12.994  12.980  12.975  12.953  12.912  12.889  99.999  O9 II                           
Sk -69 124          081.326042  -69.053200  11.583  12.664  12.826  12.791  13.129  13.202  13.267  13.248  13.182  13.197  13.251  O9.7 I                          
Sk -67 101          081.484375  -67.508003  99.999  99.999  99.999  99.999  13.000  13.064  13.105  13.188  13.204  13.181  13.321  O8 II((f))                      
Sk -67 108          081.610252  -67.622337  99.999  99.999  99.999  99.999  12.989  12.992  13.075  13.104  13.104  13.100  13.068  O4-5 III                        
LH58-161            081.616959  -68.828277  14.007  15.161  15.247  15.544  15.735  15.869  15.842  15.989  16.005  99.999  99.999  O9.5 III                        
LH58-419            081.668251  -68.854057  11.513  12.544  12.716  12.920  13.203  13.287  13.293  13.518  13.489  13.476  13.339  O9.5 III                        
LH58-470            081.677414  -68.847221  13.149  13.963  14.111  14.370  14.645  14.681  14.715  14.872  14.873  14.981  99.999  O7 III/V                        
BI 170              081.698707  -69.103332  11.823  12.914  13.116  12.975  13.465  13.522  13.582  13.498  13.510  13.446  99.999  O9.5 I                          
Sk -67 111          081.700332  -67.491608  99.999  99.999  99.999  99.999  12.945  13.013  13.028  12.983  12.948  12.898  12.902  O6 Ia(n)fp var                  
LH58-699            081.723709  -68.819260  11.813  12.874  13.076  13.409  13.712  13.799  13.895  13.875  13.893  13.992  99.999  O7 III                          
BI 173              081.791420  -69.132362  99.999  99.999  99.999  99.999  13.235  13.310  13.351  13.296  13.278  13.241  13.060  O8.5 II(f)                                     
Sk -67 119          081.919044  -67.302864  99.999  99.999  99.999  99.999  13.706  13.798  13.859  13.786  13.720  13.764  13.804  O7 III (f)                      
Sk -67 120          081.921501  -67.456665  99.999  99.999  99.999  99.999  12.723  12.777  12.846  12.842  12.835  12.588  99.999  O8 III:                         
Sk -66 100          081.939377  -66.920914  12.227  12.976  13.204  13.501  13.687  13.735  13.836  13.884  13.805  13.823  99.999  O6 II(f)                        
Sk -71 33           082.085915  -70.989555  12.816  13.735  13.726  13.521  13.432  13.349  13.076  12.635  12.445  12.169  11.904  O9 Ve (Fe II)                   
Sk -69 152          082.162499  -69.153114  99.999  99.999  99.999  99.999  12.132  12.191  12.256  12.116  12.107  12.063  12.068  O9 Ia                           
Sk -65 63           082.164375  -65.650169  11.919  10.967  11.866  12.240  12.943  13.011  13.071  13.001  12.994  12.824  12.949  O9.7 I:                         
LH64-16             082.195709  -68.796639  12.283  13.444  13.666  13.854  14.063  14.126  14.241  14.196  14.164  14.484  14.014  ON2 III(f*)                     
W16-71              082.326332  -68.760948  13.081  14.209  14.303  14.655  14.772  14.887  14.925  15.080  14.934  14.676  99.999  O5.5 III(f)                     
NGC2004-090         082.342956  -67.277809  14.112  15.003  15.193  15.509  15.661  15.906  16.044  15.970  15.866  99.999  99.999  O9.5 III                        
Sk -66 110          082.464874  -66.855553  11.887  12.752  12.963  13.121  13.314  13.436  13.468  13.451  13.433  13.376  13.350  O9 I                            
lmc1-263            082.469711  -71.145775  13.557  14.362  14.422  14.433  14.482  14.393  14.451  14.423  14.384  14.399  99.999  O8 III(f)                       
Sk -70 97           082.546875  -70.861717  11.903  12.839  13.012  13.194  13.437  13.528  13.583  13.379  13.372  13.243  13.094  O9 III                          
Sk -71 39           082.666168  -71.024864  11.737  12.651  12.605  12.345  12.816  12.950  12.920  13.058  13.094  12.968  12.861  O8 II(f)                        
Sk -71 41           082.667290  -71.093643  11.906  12.643  12.775  12.769  12.882  12.976  12.946  12.902  12.835  12.894  99.999  O8.5 I                          
NGC2004-019         082.685913  -67.310532  12.703  13.539  13.735  13.976  14.083  14.213  14.221  14.215  14.228  14.388  99.999  O9.5 III                        
lmc1-716            082.794540  -71.028725  13.398  14.181  14.317  14.366  14.430  14.450  14.460  14.538  14.511  99.999  99.999  O8 III((f))                     
Sk -71 45           082.814583  -71.069443  11.134  12.002  12.404  12.191  12.069  12.154  12.138  12.352  12.400  12.326  99.999  O4-5 III(f)                     
Sk -67 166          082.934212  -67.633720   9.520  13.773  12.216  11.167  12.603  12.674  12.702  12.680  12.593  12.568  12.448  O4 If+                          
Sk -71 46           082.956627  -71.060585  12.467  13.147  13.241  13.066  12.992  12.928  12.908  12.853  12.756  12.721  12.607  O4 If                           
Sk -67 167          082.966293  -67.661499  11.243  12.364  12.586  11.819  12.814  12.879  12.881  12.902  12.811  12.795  12.589  O4 Inf+                         
Sk -67 168          082.967163  -67.572441  99.999  99.999  99.999  99.999  12.381  12.509  12.528  12.519  12.463  12.436  12.359  O8 Iaf                          
LH72-S128           082.972504  -66.520645  12.216  11.095  12.103  12.871  13.031  13.081  13.060  13.118  13.033  12.985  12.939  O9.7 Ib                         
BI 192              082.999664  -67.548691  12.542  13.561  13.744  14.007  14.249  14.361  14.400  14.430  14.458  14.520  14.525  O9 III                          
Sk -67 176          083.082626  -67.686584  99.999  99.999  99.999  99.999  12.132  12.240  12.257  12.302  12.280  12.204  12.021  O7 Ib(f)                        
LH72-L29            083.082916  -66.467476  12.495  12.986  13.428  13.545  13.682  13.705  13.735  13.697  13.715  13.630  99.999  O9 III                          
Sk -66 138          083.202545  -66.421997  12.444  12.150  13.199  13.381  13.523  13.616  13.602  13.683  13.645  13.612  13.728  O9.5 III                        
Sk -66 151          083.549377  -66.233719  11.917  10.999  12.415  12.228  12.851  12.930  12.961  12.930  12.860  12.881  12.764  O7 Ib(f)                        
Sk -66 152          083.577957  -66.145081  11.896  10.840  11.863  12.318  12.862  12.919  12.888  12.858  12.718  12.689  12.689  O7 Ib(f)                                       
W28-18              083.687210  -69.725807  12.748  13.602  13.648  14.009  14.187  14.261  14.316  14.361  14.426  14.628  99.999  O9.5 III                        
HDE269810           083.807915  -67.557640  99.999  99.999  99.999  99.999  12.684  12.791  12.879  12.847  12.795  12.769  99.999  O2 III(f*)                      
BI 229              083.884003  -66.043808  12.290  12.010  13.178  12.881  13.420  13.510  13.570  13.568  13.568  13.697  99.999  O7 III                          
ST2-13              083.927002  -69.177887  99.999  99.999  99.999  99.999  13.105  12.136  11.770  11.388  11.404  11.225  11.099  O6 If                           
[ST92]3-26          083.948914  -68.987968  15.001  15.784  15.745  15.643  15.695  15.564  15.661  15.611  15.594  99.999  99.999  O9 III                          
ST2-32              083.981209  -69.199944  13.305  14.078  13.903  13.763  13.650  13.641  13.594  13.470  13.460  99.999  99.999  O5 III                          
[ST92]2-49          084.016708  -69.198608  15.284  15.771  15.710  15.683  15.803  15.976  99.999  15.741  15.794  99.999  99.999  O9 I                            
ST2-50              084.019333  -69.206245  13.191  14.014  13.939  13.906  13.919  13.987  14.035  13.981  13.952  13.839  99.999  O8.5 III(f)                     
Sk -69 212          084.026581  -69.196556  99.999  12.401  12.416  99.999  99.999  12.392  12.417  12.365  12.417  12.384  12.367  O5 III(f)                       
BI 248              084.120834  -69.603332  12.244  13.066  13.179  13.340  99.999  99.999  99.999  13.558  13.542  13.516  99.999  O9 III                          
Sk -69 217          084.154587  -69.488441  10.897  11.816  11.787  12.186  12.212  12.275  12.260  12.228  12.124  12.050  11.965  O7 Iaf                          
Sk -69 218          084.157501  -69.492554  99.999  99.999  99.999  99.999  12.166  12.222  12.258  12.181  12.150  12.155  12.130  O8 Iab(f)                       
HMW113              084.169998  -69.498077  13.137  13.985  13.912  14.199  14.306  14.335  14.405  14.321  14.343  14.110  99.999  O9.7 II                         
R128-24             084.193749  -69.498917  12.045  12.528  12.486  13.115  99.999  99.999  99.999  13.548  13.505  13.483  99.999  O8.5 II                         
R128-45             084.199997  -69.498886  12.330  13.163  13.166  13.433  13.747  13.834  13.889  14.045  13.922  13.882  99.999  O9 II                           
Sk -66 169          084.227707  -66.639557  99.999  99.999  99.999  99.999  11.899  11.914  11.890  11.734  11.645  11.542  11.429  O9.7 Ia+                        
Sk -66 171          084.260040  -66.643608  11.381  10.246  10.248  11.390  12.547  12.572  12.636  12.559  12.516  12.445  12.443  O9 Ia                                            
Sk -69 229          084.311295  -69.497909  11.553  12.624  12.746  12.804  12.947  12.958  13.027  13.033  12.985  12.927  13.010  O8.5 III                        
[ST92]1-12          084.378830  -69.185280  14.193  14.840  14.621  13.915  99.999  13.281  13.177  13.052  13.033  12.983  99.999  O8 I(f)                         
[ST92]1-15          084.387627  -69.143303  15.613  16.329  16.028  15.452  99.999  99.999  99.999  14.553  14.495  14.073  99.999  O4 III                          
[ST92]1-20          084.393669  -69.169334  15.788  16.563  16.386  16.255  16.057  15.887  15.673  15.970  15.583  99.999  99.999  O8 III                          
[ST92]1-24          084.402252  -69.175690  13.839  14.632  14.379  13.922  13.607  13.489  13.433  13.337  13.260  99.999  99.999  O9 I                            
Sk -68 135          084.454712  -68.917137  11.338   9.493  11.449  99.999  11.233  11.237  11.165  10.970  10.865  10.801  10.715  ON9.7 Ia+                       
[ST92]1-71          084.458000  -69.174416  13.649  14.619  14.437  14.224  14.014  13.897  13.823  13.724  13.691  13.329  99.999  O3 III(f)                       
[ST92]1-72          084.458420  -69.166641  13.096  13.699  13.840  13.900  13.764  13.716  13.714  13.600  13.618  12.197  10.796  O8 III                          
BAT99-93            084.464100  -69.162800  12.483  13.474  13.446  13.278  13.378  13.356  13.337  13.188  13.104  13.313  99.999  O3 If/WN6                       
[ST92]1-83          084.471626  -69.197472  15.063  14.795  13.879  12.990  12.518  12.180  12.128  11.976  12.046  12.128  99.999  O7 III                          
[ST92]1-93          084.484207  -69.197449  14.388  15.069  14.798  14.239  13.959  13.804  13.792  13.548  13.511  13.238  99.999  O7: If                          
Parker42            084.598793  -69.084320  99.999  99.999  99.999  99.999  12.597  12.633  12.681  12.609  12.599  12.609  99.999  O8 II                           
Sk -68 137          084.602837  -68.875809  12.243  13.274  13.346  13.242  13.261  13.249  13.269  13.312  13.306  13.118  13.400  O2 III(f*)                      
Parker607           084.657219  -69.089172  11.913  12.764  12.046  12.344  13.099  13.110  12.753  12.880  99.999  99.999  99.999  O4 III(f)                       
Parker696           084.663704  -69.131371  15.253  15.843  15.567  15.039  14.728  14.515  14.440  14.462  99.999  99.999  99.999  O9.7 Ib                         
BAT99-104           084.674500  -69.103800  99.999  99.999  99.999  99.999  99.999  13.338  99.999  11.587  99.999  99.999  99.999  O3 If*/WN6                      
Parker909           084.674728  -69.077416  99.999  99.999  99.999  99.999  14.183  14.149  13.481  13.442  12.137  10.678   8.967  O8-9 III:                       
Parker925           084.675980  -69.142311  15.124  15.572  15.185  14.128  13.595  13.310  13.152  12.896  12.835  12.822  99.999  O8 Iaf                          
R136-014            084.677078  -69.104279  99.999  99.999  99.999  99.999  99.999  99.999  99.999  11.563  11.560  11.078  99.999  O3.5 If*                        
[ST92]5-85          084.684586  -69.504974  12.749  13.702  13.700  13.773  13.754  13.798  13.785  13.663  13.698  99.999  99.999  O7.5 I(f)                       
[ST92]5-82          084.691666  -69.476974  12.824  13.794  13.746  13.945  13.919  13.954  13.935  13.907  13.853  14.011  99.999  O6.5 III                        
Parker1423          084.700813  -69.136352  14.384  15.051  15.197  14.490  14.246  14.140  99.999  13.908  13.793  14.057  99.999  O3-4 III(f)                     
[ST92]5-80          084.700874  -69.491409  14.327  15.239  15.297  15.376  15.449  15.516  15.588  15.625  15.677  99.999  99.999  O9 III                          
Parker1459          084.703613  -69.141144  15.549  16.260  16.281  15.802  15.804  15.816  15.587  14.363  13.377  12.294  11.118  O9-B0 II                        
Parker1607          084.719704  -69.112007  13.481  14.132  13.937  13.702  13.807  13.756  13.622  13.589  99.999  99.999  99.999  O6: III:                        
Parker1619          084.720696  -69.129280  13.795  14.467  14.242  13.848  13.707  13.617  13.521  13.460  13.330  13.400  99.999  O8 Ib(f)                        
LH101-5-71          084.733666  -69.499138  12.213  13.294  13.266  13.537  13.661  13.712  13.724  13.743  13.749  99.999  99.999  O4-5 III                        
LH101-5-67          084.742042  -69.503166  12.832  13.955  13.740  14.177  14.218  14.308  14.272  14.269  14.028  99.999  99.999  O9.5 III                        
Parker1969          084.765007  -69.121391  14.531  15.268  15.088  14.618  14.392  14.292  14.241  14.099  14.118  13.966  99.999  O9-B0 III                       
W4-4                084.961250  -69.407806  12.694  13.614  13.639  13.651  99.999  99.999  99.999  13.774  13.675  13.694  13.514  O5 If                           
[ST92]4-74          084.973961  -69.373421  99.999  99.999  99.999  99.999  13.641  13.666  13.703  13.673  13.614  13.561  99.999  O4 If                           
W4-6                084.978790  -69.403000  13.070  13.943  14.150  14.290  14.300  14.358  14.422  14.317  14.353  14.238  99.999  O7 III((f))                     
Sk -69 257          084.994789  -69.734467  11.645  12.442  12.517  12.227  12.645  12.656  12.682  12.635  12.606  12.653  99.999  O9 II                           
W4-12               085.012749  -69.403198  13.027  13.907  13.975  14.080  14.129  14.234  14.195  14.257  14.289  14.331  99.999  O9: III:                        
Sk -71 50           085.179916  -71.483521  12.479  13.142  13.445  13.537  13.729  13.866  13.837  13.804  13.782  13.761  13.844  O6.5 III                        
Sk -69 276          085.390961  -69.561531  99.999  99.999  99.999  99.999  12.776  12.784  12.858  12.842  12.835  12.779  12.887  O9 Ia                           
LH110-11            085.406670  -71.332947  14.727  15.538  15.688  15.769  15.877  15.942  15.931  16.100  16.047  99.999  99.999  O8: III:                        
Sk -70 113          085.749084  -70.698143  12.462  13.271  13.400  13.528  13.716  13.799  13.793  13.803  13.809  13.889  13.776  O9 III                          
Sk -67 250          085.815170  -67.852890  11.314  12.631  12.541  12.781  13.317  13.369  13.479  13.132  13.193  13.053  99.999  O7.5 II(f)                      
BI 272              086.096252  -67.241440  12.163  13.127  13.201  13.524  13.703  13.780  13.813  13.862  13.887  14.131  99.999  O7 II                           
Sk -67 257          086.161835  -67.196136  99.999  13.005  13.186  99.999  13.694  13.791  13.815  13.786  13.842  13.785  13.760  O8 III                          
Sk -67 261          086.313461  -67.171745  11.469  12.288  12.400  12.550  12.702  12.792  12.753  12.780  12.733  12.685  12.703  O8.5 III                        
Sk -68 164          086.910126  -68.019028  12.438  13.272  13.421  13.744  13.933  14.003  14.059  14.104  14.148  14.140  99.999  O9 III                          
Sk -68 166          087.080460  -68.246467  11.706  12.596  12.673  12.877  13.048  13.121  13.152  13.167  13.115  13.074  12.975  O8 II                           
Sk -70 115          087.206879  -70.066055  10.903  12.110  12.166  99.999  12.267  12.297  12.255  12.213  12.172  12.082  12.064  O6.5 III                        
Sk -70 117          087.412544  -70.136887  11.941  12.515  12.466  12.652  13.288  13.363  13.425  13.405  13.439  13.649  13.251  O8 III                          
Sk -68 180          088.980957  -68.229500  12.006  12.813  12.995  13.275  13.299  13.386  13.397  13.370  13.399  13.409  13.408  O6 II(f)                        
