3.60e-07 1.06 0.37
3.71e-07 1.10 0.32
3.83e-07 1.14 0.33
3.95e-07 1.18 0.37
4.08e-07 1.21 0.41
4.21e-07 1.23 0.44
4.34e-07 1.25 0.45
4.48e-07 1.27 0.44
4.62e-07 1.28 0.41
4.77e-07 1.29 0.38
4.92e-07 1.30 0.33
5.07e-07 1.30 0.30
5.23e-07 1.29 0.28
5.40e-07 1.29 0.28
5.57e-07 1.28 0.31
5.75e-07 1.27 0.34
5.93e-07 1.26 0.36
6.11e-07 1.25 0.37
6.31e-07 1.23 0.36
6.51e-07 1.22 0.35
6.71e-07 1.20 0.33
6.93e-07 1.19 0.30
7.15e-07 1.17 0.28
7.37e-07 1.15 0.26
7.60e-07 1.13 0.26
7.85e-07 1.11 0.27
8.09e-07 1.10 0.29
8.35e-07 1.08 0.31
8.61e-07 1.07 0.33
8.89e-07 1.06 0.34
9.17e-07 1.05 0.35
9.46e-07 1.04 0.34
9.76e-07 1.04 0.33
1.01e-06 1.03 0.32
1.04e-06 1.03 0.30
1.07e-06 1.02 0.29
1.11e-06 1.02 0.28
1.14e-06 1.01 0.27
1.18e-06 1.01 0.27
1.21e-06 1.00 0.27
1.25e-06 1.00 0.28
1.29e-06 0.99 0.27
1.33e-06 0.97 0.26
1.37e-06 0.96 0.24
1.42e-06 0.94 0.21
1.46e-06 0.93 0.18
1.51e-06 0.91 0.14
1.56e-06 0.89 0.10
1.61e-06 0.87 0.08
1.66e-06 0.85 0.07
1.71e-06 0.83 0.07
1.76e-06 0.81 0.08
1.82e-06 0.80 0.09
1.88e-06 0.78 0.09
1.94e-06 0.77 0.08
2.00e-06 0.75 0.08
2.06e-06 0.74 0.09
2.13e-06 0.73 0.09
2.19e-06 0.72 0.11
2.26e-06 0.70 0.12
2.34e-06 0.69 0.13
2.41e-06 0.68 0.13
2.49e-06 0.67 0.14
2.56e-06 0.65 0.14
2.64e-06 0.64 0.14
2.73e-06 0.63 0.14
2.82e-06 0.61 0.14
2.90e-06 0.60 0.13
3.00e-06 0.59 0.13
3.09e-06 0.57 0.13
3.19e-06 0.56 0.12
3.29e-06 0.55 0.12
3.39e-06 0.54 0.12
3.50e-06 0.52 0.12
3.61e-06 0.51 0.12
3.73e-06 0.50 0.11
3.84e-06 0.49 0.10
3.97e-06 0.48 0.10
4.09e-06 0.47 0.10
4.22e-06 0.46 0.10
4.35e-06 0.44 0.11
4.49e-06 0.43 0.12
4.63e-06 0.42 0.13
4.78e-06 0.41 0.14
4.93e-06 0.40 0.15
5.09e-06 0.39 0.18
5.25e-06 0.39 0.21
5.42e-06 0.40 0.26
5.59e-06 0.41 0.31
5.76e-06 0.44 0.37
5.95e-06 0.48 0.43
6.14e-06 0.54 0.49
6.33e-06 0.62 0.53
6.53e-06 0.73 0.57
6.74e-06 0.88 0.58
6.95e-06 1.06 0.58
7.17e-06 1.29 0.55
7.40e-06 1.57 0.51
7.63e-06 1.92 0.48
7.87e-06 2.34 0.55
