3.60e-07 1.02 0.21
3.71e-07 1.12 0.18
3.83e-07 1.21 0.17
3.95e-07 1.29 0.18
4.08e-07 1.35 0.19
4.21e-07 1.39 0.20
4.34e-07 1.43 0.20
4.48e-07 1.45 0.20
4.62e-07 1.46 0.19
4.77e-07 1.46 0.19
4.92e-07 1.45 0.19
5.07e-07 1.43 0.21
5.23e-07 1.40 0.24
5.40e-07 1.37 0.27
5.57e-07 1.34 0.30
5.75e-07 1.31 0.32
5.93e-07 1.29 0.33
6.11e-07 1.27 0.33
6.31e-07 1.25 0.32
6.51e-07 1.23 0.30
6.71e-07 1.21 0.27
6.93e-07 1.20 0.23
7.15e-07 1.19 0.20
7.37e-07 1.18 0.17
7.60e-07 1.17 0.15
7.85e-07 1.16 0.15
8.09e-07 1.16 0.16
8.35e-07 1.15 0.18
8.61e-07 1.14 0.19
8.89e-07 1.13 0.21
9.17e-07 1.12 0.21
9.46e-07 1.11 0.21
9.76e-07 1.10 0.21
1.01e-06 1.09 0.20
1.04e-06 1.07 0.19
1.07e-06 1.06 0.18
1.11e-06 1.05 0.16
1.14e-06 1.04 0.15
1.18e-06 1.02 0.15
1.21e-06 1.01 0.15
1.25e-06 0.99 0.14
1.29e-06 0.98 0.14
1.33e-06 0.97 0.14
1.37e-06 0.95 0.13
1.42e-06 0.94 0.11
1.46e-06 0.92 0.10
1.51e-06 0.91 0.08
1.56e-06 0.89 0.07
1.61e-06 0.88 0.06
1.66e-06 0.86 0.06
1.71e-06 0.85 0.07
1.76e-06 0.83 0.07
1.82e-06 0.82 0.07
1.88e-06 0.80 0.07
1.94e-06 0.79 0.07
2.00e-06 0.78 0.07
2.06e-06 0.76 0.07
2.13e-06 0.75 0.08
2.19e-06 0.73 0.09
2.26e-06 0.72 0.10
2.34e-06 0.71 0.10
2.41e-06 0.69 0.11
2.49e-06 0.68 0.11
2.56e-06 0.67 0.11
2.64e-06 0.65 0.11
2.73e-06 0.64 0.11
2.82e-06 0.63 0.11
2.90e-06 0.61 0.11
3.00e-06 0.60 0.10
3.09e-06 0.59 0.10
3.19e-06 0.58 0.10
3.29e-06 0.57 0.10
3.39e-06 0.56 0.10
3.50e-06 0.55 0.10
3.61e-06 0.54 0.09
3.73e-06 0.53 0.09
3.84e-06 0.52 0.09
3.97e-06 0.51 0.09
4.09e-06 0.50 0.10
4.22e-06 0.49 0.12
4.35e-06 0.49 0.13
4.49e-06 0.48 0.14
4.63e-06 0.48 0.15
4.78e-06 0.47 0.15
4.93e-06 0.47 0.16
5.09e-06 0.47 0.16
5.25e-06 0.48 0.18
5.42e-06 0.48 0.21
5.59e-06 0.49 0.24
5.76e-06 0.51 0.29
5.95e-06 0.53 0.34
6.14e-06 0.55 0.38
6.33e-06 0.59 0.43
6.53e-06 0.63 0.46
6.74e-06 0.68 0.48
6.95e-06 0.73 0.48
7.17e-06 0.81 0.46
7.40e-06 0.89 0.42
7.63e-06 0.99 0.39
7.87e-06 1.10 0.44
