3.60e-07 0.64 0.18
3.71e-07 0.71 0.15
3.83e-07 0.77 0.15
3.95e-07 0.83 0.17
4.08e-07 0.89 0.19
4.21e-07 0.93 0.20
4.34e-07 0.98 0.20
4.48e-07 1.01 0.20
4.62e-07 1.04 0.19
4.77e-07 1.07 0.17
4.92e-07 1.08 0.16
5.07e-07 1.10 0.15
5.23e-07 1.10 0.16
5.40e-07 1.10 0.17
5.57e-07 1.10 0.19
5.75e-07 1.08 0.20
5.93e-07 1.07 0.21
6.11e-07 1.05 0.22
6.31e-07 1.02 0.21
6.51e-07 0.99 0.20
6.71e-07 0.96 0.18
6.93e-07 0.93 0.15
7.15e-07 0.90 0.13
7.37e-07 0.86 0.10
7.60e-07 0.83 0.08
7.85e-07 0.80 0.08
8.09e-07 0.78 0.09
8.35e-07 0.77 0.10
8.61e-07 0.76 0.12
8.89e-07 0.76 0.13
9.17e-07 0.76 0.14
9.46e-07 0.78 0.15
9.76e-07 0.79 0.15
1.01e-06 0.81 0.16
1.04e-06 0.84 0.16
1.07e-06 0.87 0.17
1.11e-06 0.90 0.17
1.14e-06 0.93 0.18
1.18e-06 0.96 0.19
1.21e-06 0.99 0.19
1.25e-06 1.01 0.19
1.29e-06 1.02 0.19
1.33e-06 1.02 0.18
1.37e-06 1.02 0.16
1.42e-06 1.02 0.15
1.46e-06 1.01 0.13
1.51e-06 1.00 0.11
1.56e-06 0.99 0.10
1.61e-06 0.98 0.09
1.66e-06 0.99 0.09
1.71e-06 1.00 0.10
1.76e-06 1.02 0.10
1.82e-06 1.06 0.11
1.88e-06 1.10 0.13
1.94e-06 1.15 0.15
2.00e-06 1.20 0.18
2.06e-06 1.25 0.21
2.13e-06 1.30 0.24
2.19e-06 1.35 0.26
2.26e-06 1.38 0.29
2.34e-06 1.40 0.30
2.41e-06 1.42 0.32
2.49e-06 1.42 0.32
2.56e-06 1.42 0.32
2.64e-06 1.41 0.33
2.73e-06 1.39 0.32
2.82e-06 1.37 0.32
2.90e-06 1.34 0.32
3.00e-06 1.30 0.33
3.09e-06 1.27 0.33
3.19e-06 1.23 0.34
3.29e-06 1.20 0.34
3.39e-06 1.17 0.35
3.50e-06 1.16 0.34
3.61e-06 1.15 0.33
3.73e-06 1.17 0.31
3.84e-06 1.19 0.29
3.97e-06 1.23 0.29
4.09e-06 1.28 0.30
4.22e-06 1.32 0.33
4.35e-06 1.36 0.36
4.49e-06 1.40 0.40
4.63e-06 1.42 0.42
4.78e-06 1.42 0.42
4.93e-06 1.40 0.39
5.09e-06 1.37 0.35
5.25e-06 1.33 0.29
5.42e-06 1.27 0.23
5.59e-06 1.20 0.18
5.76e-06 1.13 0.19
5.95e-06 1.05 0.26
6.14e-06 0.97 0.36
6.33e-06 0.90 0.46
6.53e-06 0.84 0.55
6.74e-06 0.79 0.61
6.95e-06 0.77 0.63
7.17e-06 0.79 0.61
7.40e-06 0.85 0.51
7.63e-06 0.97 0.34
7.87e-06 1.16 0.20
