Name                  RAJ2000     DEJ2000    Umag    Bmag    Vmag    Imag    Jmag    Hmag    Ksmag   [3.6]   [4.5]   [5.8]   [8.0]  Class                           
                        deg         deg       mag     mag     mag     mag     mag     mag     mag     mag     mag     mag     mag                                   

BAT99-1             071.384376  -70.253029  15.001  15.647  15.778  15.643  15.288  15.114  14.790  14.121  13.618  13.437  12.996  WN3b                            
BAT99-2             072.400900  -69.348400  15.633  16.495  16.579  16.447  16.065  15.867  15.552  14.918  14.511  14.461  99.999  WN2b(h)                         
BAT99-3             073.239128  -66.687088  13.793  14.531  14.640  14.527  14.233  14.070  13.808  13.345  12.877  12.743  12.421  WN4b                            
BAT99-5             073.616900  -69.213900  15.957  16.715  16.742  16.363  15.871  15.589  15.217  14.540  14.142  13.720  13.408  WN2b                            
BAT99-7             073.880623  -67.500748  12.893  13.584  13.846  13.512  13.244  13.105  12.825  12.225  11.678  11.553  11.085  WN4b                            
BAT99-13            074.420997  -66.545166  12.191  12.852  12.851  11.781  12.107  11.832  11.550  10.998  10.615  10.431  10.074  WN10                                                
BAT99-15            074.964790  -67.948723  13.658  14.250  14.542  14.426  14.118  14.029  13.662  13.218  12.733  12.630  12.199  WN4b                            
BAT99-17            076.051376  -70.065391  13.183  14.085  14.170  14.108  13.949  13.844  13.571  12.919  12.580  12.350  12.144  WN4o                            
BAT99-18            076.285126  -70.379196  13.572  14.452  14.669  14.714  14.617  14.468  14.341  13.870  13.502  13.351  12.978  WN3(h)                                        
BAT99-21            078.432373  -67.374832  12.144  13.002  13.161  13.271  13.336  13.329  13.209  13.001  12.748  12.641  12.349  WN4o(+OB)                       
BAT99-22            078.476127  -69.529640  11.429  11.881  12.041  10.429   9.405   8.538   8.122   7.605   7.486   7.155   6.442  WN9h                            
BAT99-24            078.552872  -69.323944  13.668  14.101  14.292  14.150  13.840  13.669  13.375  12.826  12.346  12.190  11.716  WN4b                            
BAT99-26            079.161835  -69.278030  13.791  14.388  14.598  14.336  13.827  13.517  13.372  13.146  13.053  12.831  99.999  WN4b                                            
BAT99-30            080.490417  -65.816750  12.395  13.062  13.302  13.295  13.235  13.124  12.940  12.531  12.227  12.063  11.716  WN6h                            
BAT99-31            080.518100  -67.985100  14.589  15.326  15.207  14.993  14.497  14.323  13.968  13.423  12.948  12.941  99.999  WN4b SB?                        
BAT99-32            080.593872  -71.599472  11.583  12.337  12.299  12.602  12.590  12.456  12.289  11.872  11.530  11.385  10.993  WN6(h) SB                       
BAT99-35            080.825043  -65.949165  13.870  14.624  14.876  14.929  14.665  14.565  14.335  13.861  13.480  13.360  13.002  WN3(h)                                           
BAT99-37            081.226200  -66.236400  16.080  16.545  16.328  15.915  15.162  14.857  14.538  13.998  13.530  13.451  99.999  WN3o                            
BAT99-41            081.677414  -69.115944  14.308  14.560  14.809  14.589  14.287  14.107  13.839  13.280  12.827  12.722  12.356  WN4b                                              
BAT99-44            081.927872  -69.166779  12.243  13.264  13.426  13.287  13.303  13.166  13.030  12.648  12.321  12.241  11.866  WN8ha                           
BAT99-45            081.969414  -68.985687  12.206  11.199  12.597  11.234  99.999  99.999  99.999  99.999  99.999  99.999  99.999  WN10h LBV                       
BAT99-47            082.301544  -68.760025  14.391  15.104  15.295  15.222  14.885  14.791  14.387  13.947  13.496  13.451  12.962  WN3b                            
BAT99-48            082.381836  -68.908005  14.008  14.491  14.781  14.703  14.350  14.278  13.918  13.442  13.023  12.770  12.507  WN4b                                             
BAT99-51            082.510246  -68.755112  14.146  14.939  15.201  15.213  14.919  14.846  14.602  14.202  13.783  13.607  13.381  WN3b                            
BAT99-55            082.856331  -69.094055  99.999  99.999  99.999  99.999  11.820  11.852  11.724  11.540  11.424  11.240  99.999  WN11h                           
BAT99-56            082.886955  -67.679611  13.592  14.491  14.653  14.519  14.263  14.132  13.862  13.362  12.975  12.794  12.462  WN4b                            
BAT99-57            082.893166  -67.274811  14.146  14.696  14.897  14.835  14.493  14.346  14.070  13.636  13.166  13.025  12.605  WN4b                            
BAT99-58            083.031212  -68.442116  14.772  15.351  15.064  14.373  13.807  13.540  13.255  12.698  12.406  12.263  11.944  WN7h                                          
BAT99-60            083.295288  -69.483604  13.435  14.227  14.295  14.512  14.592  14.503  14.515  14.213  13.882  13.855  13.443  WN4(h)a                         
BAT99-62            083.656128  -66.243889  14.196  15.041  15.312  15.273  15.263  15.136  15.063  14.412  13.994  13.977  13.464  WN3(h)                          
BAT99-63            083.717100  -67.357900  13.624  14.451  14.597  14.719  14.680  14.559  14.437  14.109  13.722  13.746  13.489  WN4ha:                                       
BAT99-65            083.813400  -69.095100  15.612  15.542  15.389  99.999  14.517  14.284  14.049  13.470  13.053  12.833  12.530  WN4o                            
BAT99-66            083.874168  -67.113724  14.351  15.082  15.360  15.427  15.428  15.461  15.287  14.749  14.373  14.351  13.781  WN3(h)                          
BAT99-67            083.925800  -69.209400  12.969  13.708  13.587  13.325  13.112  13.010  12.756  12.315  12.030  11.927  99.999  WN5ha                                          
BAT99-73            083.961400  -68.894100  13.730  14.578  14.643  14.841  14.784  14.760  14.629  14.350  14.112  13.865  13.771  WN4ha                           
BAT99-74            083.969000  -68.918900  14.703  15.438  15.584  15.670  15.573  15.596  15.381  15.076  14.713  14.794  99.999  WN3(h)a                         
BAT99-75            083.975128  -67.046913  13.694  14.245  14.470  14.440  14.197  14.070  13.820  13.460  13.073  12.863  12.556  WN4o                            
BAT99-76            083.976800  -68.985300  12.463  13.324  13.266  12.609  12.503  12.355  12.177  11.700  11.374  11.199  10.850  WN9ha                                              
BAT99-81            084.050600  -67.582600  14.609  15.504  15.394  15.173  14.871  14.683  14.518  14.082  13.832  13.660  13.362  WN5h                            
BAT99-82            084.140000  -69.154700  15.636  15.937  16.108  15.627  14.918  14.706  14.400  13.850  13.279  12.968  99.999  WN3b                                               
BAT99-88            084.398500  -69.144400  17.387  17.957  16.924  16.324  15.064  14.574  14.001  13.345  12.763  12.463  99.999  WN4b/WCE                        
BAT99-89            084.418747  -69.132698  13.454  14.184  14.077  13.492  12.826  12.516  12.196  11.586  11.184  10.958  10.496  WN7h                                           
BAT99-94            084.615456  -69.499580  14.243  14.595  14.712  14.230  13.583  13.294  13.022  12.342  11.860  11.747  11.362  WN4b                            
BAT99-95            084.640400  -69.080500  99.999  99.999  99.999  99.999  12.067  11.807  11.460  10.933  10.475  99.999  99.999  WN7 SB                          
BAT99-96            084.652100  -69.115800  99.999  99.999  99.999  99.999  12.091  11.826  11.472  11.068  10.796  99.999  99.999  WN8                             
BAT99-98            084.663600  -69.105800  99.999  99.999  99.999  99.999  99.999  11.820  11.458  11.008  10.648  10.519  99.999  WN6                             
BAT99-116           084.684500  -69.101500  99.999  99.999  99.999  99.999  12.056  11.789  11.539  11.260  10.903  10.819  99.999  WN5h:a                          
BAT99-117           084.697998  -69.007027  11.953  12.974  13.116  12.751  12.976  12.927  12.808  12.231  11.926  11.857  99.999  WN5ha                           
BAT99-118           084.722420  -69.033585  99.999  99.999  99.999  99.999  10.875  10.780  10.585  10.122   9.723   9.563   9.176  WN6h                                                    
BAT99-122           084.797211  -69.033775  12.323  13.114  13.066  99.999  12.130  11.875  11.617  11.176  10.879  10.674  99.999  WN5(h)                                            
BAT99-128           085.211670  -69.442169  14.965  15.549  15.718  15.494  15.009  14.867  14.570  13.960  13.453  13.262  99.999  WN3b                                  
BAT99-130           086.129295  -69.337639  11.946  12.835  12.719  12.260  12.235  12.084  11.843  11.483  11.250  11.109  10.865  WN11h                           
BAT99-131           086.223831  -67.176720  13.606  14.064  14.358  14.266  14.060  13.957  13.733  13.241  12.827  12.656  12.267  WN4b                            
BAT99-132           086.350670  -67.099114  14.221  14.641  14.722  14.371  13.839  13.629  99.999  12.755  12.261  12.101  11.629  WN4b(h)                         
BAT99-133           086.466377  -67.240524  10.870  11.779  11.884  11.931  12.032  12.003  11.898  11.547  10.998  11.007  99.999  WN11h                           
BAT99-134           086.693123  -67.166199  14.025  14.305  14.495  14.524  99.999  13.974  99.999  13.203  12.718  12.599  12.203  WN4b                            
