3.60e-07 0.00 0.14
3.71e-07 0.00 0.12
3.83e-07 0.01 0.12
3.95e-07 0.01 0.13
4.08e-07 0.01 0.14
4.21e-07 0.01 0.15
4.34e-07 0.01 0.15
4.48e-07 0.01 0.14
4.62e-07 0.01 0.14
4.77e-07 0.01 0.13
4.92e-07 0.01 0.12
5.07e-07 0.01 0.12
5.23e-07 0.02 0.12
5.40e-07 0.03 0.14
5.57e-07 0.04 0.15
5.75e-07 0.05 0.16
5.93e-07 0.07 0.17
6.11e-07 0.10 0.17
6.31e-07 0.12 0.17
6.51e-07 0.15 0.16
6.71e-07 0.18 0.15
6.93e-07 0.22 0.15
7.15e-07 0.26 0.14
7.37e-07 0.30 0.13
7.60e-07 0.34 0.14
7.85e-07 0.38 0.15
8.09e-07 0.42 0.16
8.35e-07 0.46 0.17
8.61e-07 0.49 0.17
8.89e-07 0.53 0.18
9.17e-07 0.57 0.18
9.46e-07 0.60 0.18
9.76e-07 0.64 0.17
1.01e-06 0.68 0.17
1.04e-06 0.72 0.16
1.07e-06 0.76 0.15
1.11e-06 0.80 0.15
1.14e-06 0.85 0.15
1.18e-06 0.90 0.15
1.21e-06 0.96 0.15
1.25e-06 1.03 0.15
1.29e-06 1.11 0.15
1.33e-06 1.19 0.14
1.37e-06 1.28 0.13
1.42e-06 1.38 0.12
1.46e-06 1.48 0.10
1.51e-06 1.58 0.09
1.56e-06 1.69 0.08
1.61e-06 1.78 0.08
1.66e-06 1.87 0.08
1.71e-06 1.94 0.08
1.76e-06 2.01 0.08
1.82e-06 2.06 0.08
1.88e-06 2.10 0.09
1.94e-06 2.12 0.10
2.00e-06 2.14 0.11
2.06e-06 2.16 0.12
2.13e-06 2.16 0.14
2.19e-06 2.17 0.16
2.26e-06 2.18 0.17
2.34e-06 2.18 0.18
2.41e-06 2.19 0.19
2.49e-06 2.19 0.20
2.56e-06 2.19 0.20
2.64e-06 2.19 0.21
2.73e-06 2.19 0.21
2.82e-06 2.19 0.21
2.90e-06 2.18 0.22
3.00e-06 2.17 0.23
3.09e-06 2.16 0.23
3.19e-06 2.14 0.24
3.29e-06 2.12 0.25
3.39e-06 2.08 0.25
3.50e-06 2.05 0.25
3.61e-06 2.00 0.24
3.73e-06 1.94 0.23
3.84e-06 1.88 0.21
3.97e-06 1.81 0.21
4.09e-06 1.74 0.21
4.22e-06 1.68 0.22
4.35e-06 1.61 0.25
4.49e-06 1.56 0.27
4.63e-06 1.52 0.28
4.78e-06 1.50 0.28
4.93e-06 1.49 0.28
5.09e-06 1.50 0.26
5.25e-06 1.51 0.26
5.42e-06 1.55 0.27
5.59e-06 1.59 0.30
5.76e-06 1.64 0.35
5.95e-06 1.70 0.42
6.14e-06 1.76 0.49
6.33e-06 1.83 0.56
6.53e-06 1.88 0.61
6.74e-06 1.93 0.65
6.95e-06 1.97 0.66
7.17e-06 1.98 0.63
7.40e-06 1.96 0.57
7.63e-06 1.90 0.51
7.87e-06 1.79 0.54
