3.60e-07 1.10 0.20
3.71e-07 0.88 0.16
3.83e-07 0.70 0.14
3.95e-07 0.57 0.13
4.08e-07 0.48 0.13
4.21e-07 0.44 0.13
4.34e-07 0.44 0.13
4.48e-07 0.48 0.12
4.62e-07 0.55 0.12
4.77e-07 0.66 0.12
4.92e-07 0.79 0.13
5.07e-07 0.93 0.15
5.23e-07 1.09 0.17
5.40e-07 1.24 0.20
5.57e-07 1.38 0.22
5.75e-07 1.49 0.24
5.93e-07 1.57 0.24
6.11e-07 1.61 0.25
6.31e-07 1.63 0.24
6.51e-07 1.63 0.23
6.71e-07 1.59 0.21
6.93e-07 1.54 0.20
7.15e-07 1.47 0.19
7.37e-07 1.38 0.19
7.60e-07 1.29 0.19
7.85e-07 1.20 0.20
8.09e-07 1.12 0.22
8.35e-07 1.05 0.23
8.61e-07 0.99 0.24
8.89e-07 0.94 0.24
9.17e-07 0.90 0.24
9.46e-07 0.88 0.24
9.76e-07 0.87 0.23
1.01e-06 0.86 0.22
1.04e-06 0.87 0.21
1.07e-06 0.89 0.20
1.11e-06 0.91 0.19
1.14e-06 0.93 0.19
1.18e-06 0.96 0.19
1.21e-06 0.99 0.19
1.25e-06 1.01 0.19
1.29e-06 1.02 0.18
1.33e-06 1.03 0.18
1.37e-06 1.03 0.17
1.42e-06 1.03 0.17
1.46e-06 1.02 0.16
1.51e-06 1.01 0.16
1.56e-06 0.99 0.17
1.61e-06 0.97 0.18
1.66e-06 0.96 0.19
1.71e-06 0.95 0.19
1.76e-06 0.94 0.18
1.82e-06 0.93 0.18
1.88e-06 0.93 0.16
1.94e-06 0.93 0.15
2.00e-06 0.93 0.15
2.06e-06 0.93 0.16
2.13e-06 0.93 0.17
2.19e-06 0.93 0.20
2.26e-06 0.93 0.21
2.34e-06 0.93 0.23
2.41e-06 0.93 0.24
2.49e-06 0.92 0.25
2.56e-06 0.92 0.25
2.64e-06 0.91 0.25
2.73e-06 0.91 0.24
2.82e-06 0.90 0.24
2.90e-06 0.89 0.22
3.00e-06 0.88 0.21
3.09e-06 0.87 0.20
3.19e-06 0.86 0.19
3.29e-06 0.85 0.18
3.39e-06 0.83 0.18
3.50e-06 0.82 0.17
3.61e-06 0.81 0.17
3.73e-06 0.81 0.16
3.84e-06 0.80 0.15
3.97e-06 0.79 0.14
4.09e-06 0.79 0.14
4.22e-06 0.80 0.14
4.35e-06 0.81 0.16
4.49e-06 0.82 0.17
4.63e-06 0.84 0.18
4.78e-06 0.88 0.18
4.93e-06 0.92 0.17
5.09e-06 0.96 0.17
5.25e-06 1.02 0.16
5.42e-06 1.09 0.16
5.59e-06 1.16 0.18
5.76e-06 1.24 0.21
5.95e-06 1.32 0.25
6.14e-06 1.41 0.29
6.33e-06 1.50 0.33
6.53e-06 1.60 0.37
6.74e-06 1.69 0.39
6.95e-06 1.79 0.39
7.17e-06 1.88 0.37
7.40e-06 1.96 0.33
7.63e-06 2.04 0.27
7.87e-06 2.09 0.27
