3.60e-07 0.50 0.15
3.71e-07 0.55 0.13
3.83e-07 0.59 0.14
3.95e-07 0.62 0.15
4.08e-07 0.66 0.17
4.21e-07 0.68 0.18
4.34e-07 0.70 0.18
4.48e-07 0.71 0.18
4.62e-07 0.72 0.17
4.77e-07 0.73 0.15
4.92e-07 0.73 0.14
5.07e-07 0.72 0.14
5.23e-07 0.72 0.14
5.40e-07 0.71 0.15
5.57e-07 0.71 0.16
5.75e-07 0.70 0.18
5.93e-07 0.70 0.19
6.11e-07 0.70 0.19
6.31e-07 0.70 0.18
6.51e-07 0.71 0.17
6.71e-07 0.72 0.16
6.93e-07 0.72 0.14
7.15e-07 0.73 0.13
7.37e-07 0.75 0.11
7.60e-07 0.76 0.11
7.85e-07 0.77 0.11
8.09e-07 0.79 0.12
8.35e-07 0.80 0.13
8.61e-07 0.82 0.14
8.89e-07 0.83 0.15
9.17e-07 0.85 0.15
9.46e-07 0.87 0.15
9.76e-07 0.89 0.15
1.01e-06 0.90 0.15
1.04e-06 0.92 0.15
1.07e-06 0.94 0.15
1.11e-06 0.95 0.15
1.14e-06 0.97 0.15
1.18e-06 0.98 0.16
1.21e-06 0.99 0.16
1.25e-06 1.00 0.16
1.29e-06 1.01 0.16
1.33e-06 1.02 0.15
1.37e-06 1.02 0.14
1.42e-06 1.02 0.13
1.46e-06 1.02 0.11
1.51e-06 1.02 0.10
1.56e-06 1.02 0.09
1.61e-06 1.02 0.09
1.66e-06 1.02 0.09
1.71e-06 1.02 0.09
1.76e-06 1.03 0.09
1.82e-06 1.04 0.10
1.88e-06 1.05 0.10
1.94e-06 1.06 0.10
2.00e-06 1.07 0.11
2.06e-06 1.08 0.12
2.13e-06 1.09 0.14
2.19e-06 1.10 0.16
2.26e-06 1.11 0.17
2.34e-06 1.12 0.18
2.41e-06 1.13 0.19
2.49e-06 1.13 0.19
2.56e-06 1.14 0.20
2.64e-06 1.14 0.20
2.73e-06 1.14 0.20
2.82e-06 1.15 0.20
2.90e-06 1.15 0.20
3.00e-06 1.15 0.20
3.09e-06 1.16 0.20
3.19e-06 1.16 0.20
3.29e-06 1.17 0.20
3.39e-06 1.18 0.20
3.50e-06 1.19 0.20
3.61e-06 1.21 0.19
3.73e-06 1.23 0.19
3.84e-06 1.26 0.18
3.97e-06 1.29 0.18
4.09e-06 1.32 0.19
4.22e-06 1.35 0.22
4.35e-06 1.38 0.24
4.49e-06 1.40 0.26
4.63e-06 1.41 0.28
4.78e-06 1.42 0.28
4.93e-06 1.42 0.27
5.09e-06 1.41 0.26
5.25e-06 1.39 0.25
5.42e-06 1.37 0.25
5.59e-06 1.35 0.27
5.76e-06 1.32 0.31
5.95e-06 1.29 0.37
6.14e-06 1.25 0.44
6.33e-06 1.23 0.50
6.53e-06 1.20 0.55
6.74e-06 1.19 0.58
6.95e-06 1.19 0.58
7.17e-06 1.21 0.54
7.40e-06 1.25 0.47
7.63e-06 1.33 0.36
7.87e-06 1.44 0.34
