3.60e-07 0.89 0.23
3.71e-07 0.95 0.20
3.83e-07 1.00 0.20
3.95e-07 1.05 0.21
4.08e-07 1.09 0.23
4.21e-07 1.12 0.25
4.34e-07 1.15 0.25
4.48e-07 1.18 0.25
4.62e-07 1.20 0.23
4.77e-07 1.21 0.21
4.92e-07 1.22 0.20
5.07e-07 1.23 0.19
5.23e-07 1.23 0.19
5.40e-07 1.22 0.21
5.57e-07 1.22 0.23
5.75e-07 1.21 0.25
5.93e-07 1.20 0.26
6.11e-07 1.19 0.26
6.31e-07 1.18 0.26
6.51e-07 1.16 0.24
6.71e-07 1.14 0.22
6.93e-07 1.12 0.19
7.15e-07 1.11 0.16
7.37e-07 1.09 0.14
7.60e-07 1.07 0.12
7.85e-07 1.05 0.12
8.09e-07 1.04 0.13
8.35e-07 1.02 0.15
8.61e-07 1.01 0.16
8.89e-07 1.00 0.17
9.17e-07 1.00 0.18
9.46e-07 0.99 0.18
9.76e-07 0.99 0.17
1.01e-06 0.99 0.17
1.04e-06 0.99 0.16
1.07e-06 0.99 0.14
1.11e-06 1.00 0.13
1.14e-06 1.00 0.13
1.18e-06 1.00 0.12
1.21e-06 1.00 0.12
1.25e-06 1.00 0.12
1.29e-06 0.99 0.12
1.33e-06 0.98 0.12
1.37e-06 0.97 0.11
1.42e-06 0.96 0.10
1.46e-06 0.94 0.09
1.51e-06 0.93 0.08
1.56e-06 0.91 0.08
1.61e-06 0.89 0.07
1.66e-06 0.87 0.08
1.71e-06 0.85 0.08
1.76e-06 0.84 0.08
1.82e-06 0.82 0.08
1.88e-06 0.81 0.08
1.94e-06 0.80 0.08
2.00e-06 0.78 0.09
2.06e-06 0.77 0.09
2.13e-06 0.76 0.11
2.19e-06 0.75 0.12
2.26e-06 0.74 0.13
2.34e-06 0.73 0.14
2.41e-06 0.72 0.14
2.49e-06 0.71 0.15
2.56e-06 0.69 0.15
2.64e-06 0.68 0.15
2.73e-06 0.67 0.14
2.82e-06 0.66 0.14
2.90e-06 0.64 0.13
3.00e-06 0.63 0.13
3.09e-06 0.62 0.12
3.19e-06 0.60 0.12
3.29e-06 0.59 0.12
3.39e-06 0.57 0.12
3.50e-06 0.56 0.12
3.61e-06 0.55 0.11
3.73e-06 0.53 0.11
3.84e-06 0.52 0.10
3.97e-06 0.50 0.09
4.09e-06 0.49 0.09
4.22e-06 0.48 0.10
4.35e-06 0.48 0.11
4.49e-06 0.47 0.12
4.63e-06 0.47 0.12
4.78e-06 0.47 0.12
4.93e-06 0.48 0.12
5.09e-06 0.49 0.12
5.25e-06 0.50 0.12
5.42e-06 0.52 0.13
5.59e-06 0.54 0.14
5.76e-06 0.56 0.17
5.95e-06 0.58 0.20
6.14e-06 0.61 0.23
6.33e-06 0.63 0.26
6.53e-06 0.65 0.28
6.74e-06 0.67 0.30
6.95e-06 0.68 0.30
7.17e-06 0.68 0.28
7.40e-06 0.68 0.25
7.63e-06 0.66 0.20
7.87e-06 0.63 0.20
