3.60e-07 0.87 0.18
3.71e-07 0.92 0.16
3.83e-07 0.97 0.18
3.95e-07 1.01 0.21
4.08e-07 1.04 0.23
4.21e-07 1.07 0.25
4.34e-07 1.10 0.26
4.48e-07 1.12 0.25
4.62e-07 1.13 0.24
4.77e-07 1.15 0.22
4.92e-07 1.15 0.20
5.07e-07 1.16 0.18
5.23e-07 1.16 0.18
5.40e-07 1.15 0.19
5.57e-07 1.15 0.20
5.75e-07 1.14 0.22
5.93e-07 1.13 0.23
6.11e-07 1.12 0.24
6.31e-07 1.11 0.23
6.51e-07 1.09 0.22
6.71e-07 1.08 0.21
6.93e-07 1.06 0.19
7.15e-07 1.05 0.18
7.37e-07 1.03 0.17
7.60e-07 1.02 0.16
7.85e-07 1.01 0.17
8.09e-07 1.00 0.19
8.35e-07 0.99 0.20
8.61e-07 0.98 0.21
8.89e-07 0.98 0.22
9.17e-07 0.97 0.22
9.46e-07 0.97 0.22
9.76e-07 0.97 0.21
1.01e-06 0.98 0.20
1.04e-06 0.98 0.19
1.07e-06 0.98 0.19
1.11e-06 0.99 0.18
1.14e-06 0.99 0.17
1.18e-06 1.00 0.17
1.21e-06 1.00 0.18
1.25e-06 1.00 0.18
1.29e-06 0.99 0.17
1.33e-06 0.99 0.16
1.37e-06 0.98 0.15
1.42e-06 0.97 0.13
1.46e-06 0.95 0.11
1.51e-06 0.94 0.09
1.56e-06 0.92 0.08
1.61e-06 0.91 0.07
1.66e-06 0.89 0.07
1.71e-06 0.88 0.07
1.76e-06 0.87 0.07
1.82e-06 0.86 0.07
1.88e-06 0.85 0.08
1.94e-06 0.85 0.08
2.00e-06 0.84 0.09
2.06e-06 0.84 0.10
2.13e-06 0.83 0.11
2.19e-06 0.83 0.12
2.26e-06 0.83 0.13
2.34e-06 0.82 0.14
2.41e-06 0.81 0.15
2.49e-06 0.81 0.16
2.56e-06 0.80 0.16
2.64e-06 0.79 0.16
2.73e-06 0.79 0.16
2.82e-06 0.78 0.17
2.90e-06 0.77 0.17
3.00e-06 0.76 0.17
3.09e-06 0.75 0.18
3.19e-06 0.75 0.18
3.29e-06 0.74 0.19
3.39e-06 0.73 0.19
3.50e-06 0.72 0.19
3.61e-06 0.72 0.18
3.73e-06 0.71 0.17
3.84e-06 0.71 0.16
3.97e-06 0.71 0.16
4.09e-06 0.71 0.17
4.22e-06 0.71 0.18
4.35e-06 0.71 0.20
4.49e-06 0.71 0.22
4.63e-06 0.71 0.23
4.78e-06 0.70 0.23
4.93e-06 0.70 0.23
5.09e-06 0.70 0.22
5.25e-06 0.70 0.21
5.42e-06 0.70 0.22
5.59e-06 0.70 0.24
5.76e-06 0.70 0.28
5.95e-06 0.71 0.33
6.14e-06 0.72 0.38
6.33e-06 0.73 0.43
6.53e-06 0.74 0.48
6.74e-06 0.76 0.50
6.95e-06 0.79 0.50
7.17e-06 0.82 0.46
7.40e-06 0.87 0.38
7.63e-06 0.92 0.26
7.87e-06 0.99 0.16
